{
 "cells": [
  {
   "cell_type": "code",
   "execution_count": 10,
   "metadata": {},
   "outputs": [],
   "source": [
    "\"\"\" This notebook computes Figure 5 of the paper\"\"\"\n",
    "import pandas as pd\n",
    "import numpy as np"
   ]
  },
  {
   "cell_type": "code",
   "execution_count": 11,
   "metadata": {},
   "outputs": [
    {
     "output_type": "stream",
     "name": "stdout",
     "text": "(11178, 19)\n"
    },
    {
     "output_type": "execute_result",
     "data": {
      "text/plain": "       ahp    alcoa    amerb     coke      dow   dupont     ford       ge  \\\n0  1.01515  1.02765  1.04183  1.00637  1.00847  1.01983  1.00000  1.00000   \n1  1.01493  1.04036  0.98905  1.00475  1.00840  1.00833  1.00157  1.02187   \n2  1.00000  0.97629  0.97786  0.98583  0.99722  0.99449  0.98116  0.97860   \n3  1.02451  1.00662  1.02642  1.01917  0.99443  1.00693  1.02720  1.00795   \n4  1.03100  0.98465  1.00368  1.00313  1.02801  1.00413  1.04361  1.00394   \n\n        gm       hp      ibm    inger      jnj    kimbc    merck      mmm  \\\n0  1.01026  1.01935  1.00429  1.01357  0.99683  1.05340  1.03148  1.03377   \n1  0.99746  1.01266  0.99573  1.00446  1.00318  1.00461  1.00898  1.00251   \n2  0.98219  0.98125  0.98571  0.99556  0.95873  0.98165  0.98043  0.95990   \n3  0.98705  1.00637  1.01522  1.00000  1.01325  0.98131  1.01089  1.03655   \n4  1.00525  1.03165  1.02427  1.01563  1.00654  1.02381  1.01077  0.99496   \n\n    morris    pandg   schlum  \n0  1.01495  1.00775  1.01176  \n1  1.00000  1.00192  1.01938  \n2  0.97218  0.98656  0.97338  \n3  0.99663  1.00778  1.00000  \n4  0.98649  1.01158  1.01563  ",
      "text/html": "<div>\n<style scoped>\n    .dataframe tbody tr th:only-of-type {\n        vertical-align: middle;\n    }\n\n    .dataframe tbody tr th {\n        vertical-align: top;\n    }\n\n    .dataframe thead th {\n        text-align: right;\n    }\n</style>\n<table border=\"1\" class=\"dataframe\">\n  <thead>\n    <tr style=\"text-align: right;\">\n      <th></th>\n      <th>ahp</th>\n      <th>alcoa</th>\n      <th>amerb</th>\n      <th>coke</th>\n      <th>dow</th>\n      <th>dupont</th>\n      <th>ford</th>\n      <th>ge</th>\n      <th>gm</th>\n      <th>hp</th>\n      <th>ibm</th>\n      <th>inger</th>\n      <th>jnj</th>\n      <th>kimbc</th>\n      <th>merck</th>\n      <th>mmm</th>\n      <th>morris</th>\n      <th>pandg</th>\n      <th>schlum</th>\n    </tr>\n  </thead>\n  <tbody>\n    <tr>\n      <th>0</th>\n      <td>1.01515</td>\n      <td>1.02765</td>\n      <td>1.04183</td>\n      <td>1.00637</td>\n      <td>1.00847</td>\n      <td>1.01983</td>\n      <td>1.00000</td>\n      <td>1.00000</td>\n      <td>1.01026</td>\n      <td>1.01935</td>\n      <td>1.00429</td>\n      <td>1.01357</td>\n      <td>0.99683</td>\n      <td>1.05340</td>\n      <td>1.03148</td>\n      <td>1.03377</td>\n      <td>1.01495</td>\n      <td>1.00775</td>\n      <td>1.01176</td>\n    </tr>\n    <tr>\n      <th>1</th>\n      <td>1.01493</td>\n      <td>1.04036</td>\n      <td>0.98905</td>\n      <td>1.00475</td>\n      <td>1.00840</td>\n      <td>1.00833</td>\n      <td>1.00157</td>\n      <td>1.02187</td>\n      <td>0.99746</td>\n      <td>1.01266</td>\n      <td>0.99573</td>\n      <td>1.00446</td>\n      <td>1.00318</td>\n      <td>1.00461</td>\n      <td>1.00898</td>\n      <td>1.00251</td>\n      <td>1.00000</td>\n      <td>1.00192</td>\n      <td>1.01938</td>\n    </tr>\n    <tr>\n      <th>2</th>\n      <td>1.00000</td>\n      <td>0.97629</td>\n      <td>0.97786</td>\n      <td>0.98583</td>\n      <td>0.99722</td>\n      <td>0.99449</td>\n      <td>0.98116</td>\n      <td>0.97860</td>\n      <td>0.98219</td>\n      <td>0.98125</td>\n      <td>0.98571</td>\n      <td>0.99556</td>\n      <td>0.95873</td>\n      <td>0.98165</td>\n      <td>0.98043</td>\n      <td>0.95990</td>\n      <td>0.97218</td>\n      <td>0.98656</td>\n      <td>0.97338</td>\n    </tr>\n    <tr>\n      <th>3</th>\n      <td>1.02451</td>\n      <td>1.00662</td>\n      <td>1.02642</td>\n      <td>1.01917</td>\n      <td>0.99443</td>\n      <td>1.00693</td>\n      <td>1.02720</td>\n      <td>1.00795</td>\n      <td>0.98705</td>\n      <td>1.00637</td>\n      <td>1.01522</td>\n      <td>1.00000</td>\n      <td>1.01325</td>\n      <td>0.98131</td>\n      <td>1.01089</td>\n      <td>1.03655</td>\n      <td>0.99663</td>\n      <td>1.00778</td>\n      <td>1.00000</td>\n    </tr>\n    <tr>\n      <th>4</th>\n      <td>1.03100</td>\n      <td>0.98465</td>\n      <td>1.00368</td>\n      <td>1.00313</td>\n      <td>1.02801</td>\n      <td>1.00413</td>\n      <td>1.04361</td>\n      <td>1.00394</td>\n      <td>1.00525</td>\n      <td>1.03165</td>\n      <td>1.02427</td>\n      <td>1.01563</td>\n      <td>1.00654</td>\n      <td>1.02381</td>\n      <td>1.01077</td>\n      <td>0.99496</td>\n      <td>0.98649</td>\n      <td>1.01158</td>\n      <td>1.01563</td>\n    </tr>\n  </tbody>\n</table>\n</div>"
     },
     "metadata": {},
     "execution_count": 11
    }
   ],
   "source": [
    "# Importing NYSE_2 dataset\n",
    "stocks=pd.read_csv('NYSE_2.csv')\n",
    "print(stocks.shape)\n",
    "stocks.head()"
   ]
  },
  {
   "cell_type": "code",
   "execution_count": 12,
   "metadata": {},
   "outputs": [],
   "source": [
    "N=stocks.shape[0]\n",
    "d=stocks.shape[1]\n",
    "r=np.zeros((N,d))\n",
    "r=stocks.to_numpy()"
   ]
  },
  {
   "cell_type": "code",
   "execution_count": 13,
   "metadata": {},
   "outputs": [],
   "source": [
    "#corr=np.corrcoef(np.log(r), rowvar=False)\n",
    "#for i in range(d):\n",
    "#    print(np.vectorize(round)(corr[i,0:d],2))"
   ]
  },
  {
   "cell_type": "code",
   "execution_count": 14,
   "metadata": {},
   "outputs": [
    {
     "output_type": "stream",
     "name": "stdout",
     "text": "[2.58e-04 6.60e-05 6.00e-05 8.30e-05 7.50e-05 7.10e-05 7.60e-05 8.70e-05\n 6.80e-05 8.60e-05 6.70e-05 6.80e-05 9.60e-05 6.40e-05 1.09e-04 7.40e-05\n 7.70e-05 7.60e-05 7.20e-05]\n[6.60e-05 3.46e-04 6.80e-05 7.40e-05 1.34e-04 1.16e-04 1.15e-04 1.07e-04\n 1.03e-04 1.19e-04 9.30e-05 1.20e-04 7.10e-05 7.30e-05 7.30e-05 9.60e-05\n 7.60e-05 6.30e-05 1.02e-04]\n[6.00e-05 6.80e-05 2.11e-04 6.50e-05 6.90e-05 6.70e-05 7.10e-05 7.20e-05\n 6.40e-05 7.40e-05 5.60e-05 7.10e-05 6.00e-05 5.70e-05 5.60e-05 6.40e-05\n 8.40e-05 5.80e-05 6.10e-05]\n[8.30e-05 7.40e-05 6.50e-05 2.35e-04 9.00e-05 8.60e-05 8.60e-05 9.90e-05\n 8.10e-05 9.60e-05 7.70e-05 7.40e-05 9.30e-05 7.30e-05 8.60e-05 8.60e-05\n 8.80e-05 9.50e-05 7.80e-05]\n[7.50e-05 1.34e-04 6.90e-05 9.00e-05 2.80e-04 1.35e-04 1.15e-04 1.12e-04\n 1.09e-04 1.17e-04 9.20e-05 1.19e-04 8.00e-05 7.70e-05 7.90e-05 1.05e-04\n 8.10e-05 7.60e-05 9.80e-05]\n[7.10e-05 1.16e-04 6.70e-05 8.60e-05 1.35e-04 2.35e-04 1.03e-04 1.05e-04\n 1.03e-04 1.08e-04 8.90e-05 1.03e-04 7.50e-05 7.20e-05 7.60e-05 1.01e-04\n 7.60e-05 7.60e-05 9.80e-05]\n[7.60e-05 1.15e-04 7.10e-05 8.60e-05 1.15e-04 1.03e-04 3.39e-04 1.18e-04\n 1.90e-04 1.31e-04 1.02e-04 1.08e-04 8.00e-05 7.00e-05 7.90e-05 9.20e-05\n 8.00e-05 7.10e-05 8.70e-05]\n[8.70e-05 1.07e-04 7.20e-05 9.90e-05 1.12e-04 1.05e-04 1.18e-04 2.30e-04\n 1.12e-04 1.34e-04 1.10e-04 1.03e-04 9.50e-05 7.60e-05 9.10e-05 1.01e-04\n 8.50e-05 8.50e-05 9.20e-05]\n[6.80e-05 1.03e-04 6.40e-05 8.10e-05 1.09e-04 1.03e-04 1.90e-04 1.12e-04\n 2.93e-04 1.24e-04 1.01e-04 1.03e-04 7.40e-05 6.70e-05 7.30e-05 9.10e-05\n 7.40e-05 6.80e-05 8.80e-05]\n[8.60e-05 1.19e-04 7.40e-05 9.60e-05 1.17e-04 1.08e-04 1.31e-04 1.34e-04\n 1.24e-04 5.18e-04 1.62e-04 1.14e-04 9.40e-05 6.90e-05 9.50e-05 1.11e-04\n 9.50e-05 8.00e-05 1.13e-04]\n[6.70e-05 9.30e-05 5.60e-05 7.70e-05 9.20e-05 8.90e-05 1.02e-04 1.10e-04\n 1.01e-04 1.62e-04 2.60e-04 8.40e-05 7.80e-05 5.70e-05 7.70e-05 8.80e-05\n 7.60e-05 6.60e-05 9.00e-05]\n[6.80e-05 1.20e-04 7.10e-05 7.40e-05 1.19e-04 1.03e-04 1.08e-04 1.03e-04\n 1.03e-04 1.14e-04 8.40e-05 3.19e-04 7.30e-05 7.70e-05 7.50e-05 9.40e-05\n 7.20e-05 7.20e-05 9.00e-05]\n[9.60e-05 7.10e-05 6.00e-05 9.30e-05 8.00e-05 7.50e-05 8.00e-05 9.50e-05\n 7.40e-05 9.40e-05 7.80e-05 7.30e-05 2.37e-04 6.40e-05 1.07e-04 8.10e-05\n 8.00e-05 8.50e-05 7.70e-05]\n[6.40e-05 7.30e-05 5.70e-05 7.30e-05 7.70e-05 7.20e-05 7.00e-05 7.60e-05\n 6.70e-05 6.90e-05 5.70e-05 7.70e-05 6.40e-05 2.38e-04 6.30e-05 7.10e-05\n 6.20e-05 7.60e-05 6.20e-05]\n[1.09e-04 7.30e-05 5.60e-05 8.60e-05 7.90e-05 7.60e-05 7.90e-05 9.10e-05\n 7.30e-05 9.50e-05 7.70e-05 7.50e-05 1.07e-04 6.30e-05 2.48e-04 7.60e-05\n 8.00e-05 8.00e-05 7.40e-05]\n[7.40e-05 9.60e-05 6.40e-05 8.60e-05 1.05e-04 1.01e-04 9.20e-05 1.01e-04\n 9.10e-05 1.11e-04 8.80e-05 9.40e-05 8.10e-05 7.10e-05 7.60e-05 2.10e-04\n 7.80e-05 8.10e-05 8.40e-05]\n[7.70e-05 7.60e-05 8.40e-05 8.80e-05 8.10e-05 7.60e-05 8.00e-05 8.50e-05\n 7.40e-05 9.50e-05 7.60e-05 7.20e-05 8.00e-05 6.20e-05 8.00e-05 7.80e-05\n 2.89e-04 7.70e-05 7.70e-05]\n[7.60e-05 6.30e-05 5.80e-05 9.50e-05 7.60e-05 7.60e-05 7.10e-05 8.50e-05\n 6.80e-05 8.00e-05 6.60e-05 7.20e-05 8.50e-05 7.60e-05 8.00e-05 8.10e-05\n 7.70e-05 2.03e-04 6.60e-05]\n[7.20e-05 1.02e-04 6.10e-05 7.80e-05 9.80e-05 9.80e-05 8.70e-05 9.20e-05\n 8.80e-05 1.13e-04 9.00e-05 9.00e-05 7.70e-05 6.20e-05 7.40e-05 8.40e-05\n 7.70e-05 6.60e-05 3.68e-04]\n"
    }
   ],
   "source": [
    "# Evaluating the covariance matrix\n",
    "cov=np.cov(np.log(r), rowvar=False)\n",
    "for i in range(d):\n",
    "    print(np.vectorize(round)(cov[i,0:d],6))"
   ]
  },
  {
   "cell_type": "code",
   "execution_count": 15,
   "metadata": {},
   "outputs": [
    {
     "output_type": "stream",
     "name": "stdout",
     "text": "0 0.00047387072759585606\n1 0.00034306595660099355\n2 0.0005110836528094722\n3 0.0005280394297623978\n4 0.0004367927786456425\n5 0.00032502495852828266\n6 0.00035672142791947346\n7 0.0004766729446252502\n8 0.0002617048409259715\n9 0.000548355527516207\n10 0.0003653120960748834\n11 0.0004130794529929951\n12 0.0005933246550213262\n13 0.00047998023510018777\n14 0.0005460947794247216\n15 0.0004085709396190517\n16 0.0007299668768228506\n17 0.0004784722559498487\n18 0.0005572075755420875\n"
    }
   ],
   "source": [
    "# Evaluating the expectation vector\n",
    "mu=np.mean(np.log(r),axis=0)\n",
    "for i in range(d):\n",
    "    print(i,mu[i])"
   ]
  },
  {
   "cell_type": "code",
   "execution_count": 16,
   "metadata": {},
   "outputs": [],
   "source": [
    "def GDSEG(U,R,n_attempts=10**4,threshold=1/10**10):\n",
    "    \"\"\" Greedy doubly stochastic exponentiated graient algorithm (GDSEG)\n",
    "    U: empirical utility, power or logarithmic \n",
    "    R: array of stock pirces\n",
    "    The function returns the optimal oprtfolio weights: w_old, the optimal value of the objective function: U(w_old,R), and the number of iterations: i\n",
    "    \"\"\"\n",
    "    N=R.shape[0]\n",
    "    d=R.shape[1]\n",
    "    w_old=np.ones(d)/d\n",
    "    w_new=np.zeros(d)\n",
    "    attempt=0\n",
    "    i=0\n",
    "    while attempt<=n_attempts:\n",
    "        i+=1\n",
    "        k=np.random.randint(0,N)\n",
    "        eta=np.random.rand()\n",
    "        a=[w_old[j]*np.exp(eta*R[k,j]/(np.dot(w_old,R[k,:]))**(1-alpha)) for j in range(d)]\n",
    "        w_new=a/np.sum(a)\n",
    "        attempt+=1\n",
    "        if U(w_new,R)>U(w_old,R)+threshold:\n",
    "            w_old=w_new\n",
    "            attempt=0\n",
    "    return w_old, U(w_old,R), i"
   ]
  },
  {
   "cell_type": "code",
   "execution_count": 17,
   "metadata": {},
   "outputs": [],
   "source": [
    "def U(nu,r):\n",
    "    \"\"\" Empirical utility, power (0<alpha<=1) or logarithmic (alpha=0) \"\"\"\n",
    "    if alpha==0:\n",
    "        return np.mean(np.log(np.dot(r[0:N,:],nu)))\n",
    "    else:\n",
    "        return np.mean(np.dot(r[0:N,:],nu)**alpha)"
   ]
  },
  {
   "cell_type": "code",
   "execution_count": 18,
   "metadata": {
    "tags": [
     "outputPrepend",
     "outputPrepend",
     "outputPrepend",
     "outputPrepend",
     "outputPrepend",
     "outputPrepend",
     "outputPrepend",
     "outputPrepend",
     "outputPrepend",
     "outputPrepend",
     "outputPrepend",
     "outputPrepend",
     "outputPrepend",
     "outputPrepend",
     "outputPrepend",
     "outputPrepend",
     "outputPrepend",
     "outputPrepend",
     "outputPrepend",
     "outputPrepend",
     "outputPrepend",
     "outputPrepend",
     "outputPrepend",
     "outputPrepend",
     "outputPrepend",
     "outputPrepend",
     "outputPrepend",
     "outputPrepend",
     "outputPrepend",
     "outputPrepend",
     "outputPrepend",
     "outputPrepend",
     "outputPrepend",
     "outputPrepend",
     "outputPrepend",
     "outputPrepend",
     "outputPrepend",
     "outputPrepend",
     "outputPrepend",
     "outputPrepend",
     "outputPrepend",
     "outputPrepend",
     "outputPrepend",
     "outputPrepend",
     "outputPrepend",
     "outputPrepend",
     "outputPrepend",
     "outputPrepend",
     "outputPrepend",
     "outputPrepend",
     "outputPrepend",
     "outputPrepend",
     "outputPrepend",
     "outputPrepend",
     "outputPrepend",
     "outputPrepend",
     "outputPrepend",
     "outputPrepend",
     "outputPrepend",
     "outputPrepend",
     "outputPrepend",
     "outputPrepend",
     "outputPrepend",
     "outputPrepend",
     "outputPrepend",
     "outputPrepend",
     "outputPrepend",
     "outputPrepend",
     "outputPrepend",
     "outputPrepend",
     "outputPrepend",
     "outputPrepend",
     "outputPrepend",
     "outputPrepend",
     "outputPrepend",
     "outputPrepend",
     "outputPrepend",
     "outputPrepend",
     "outputPrepend",
     "outputPrepend",
     "outputPrepend",
     "outputPrepend",
     "outputPrepend",
     "outputPrepend",
     "outputPrepend",
     "outputPrepend",
     "outputPrepend",
     "outputPrepend",
     "outputPrepend",
     "outputPrepend",
     "outputPrepend",
     "outputPrepend",
     "outputPrepend",
     "outputPrepend",
     "outputPrepend",
     "outputPrepend",
     "outputPrepend",
     "outputPrepend",
     "outputPrepend",
     "outputPrepend",
     "outputPrepend",
     "outputPrepend",
     "outputPrepend",
     "outputPrepend",
     "outputPrepend",
     "outputPrepend",
     "outputPrepend",
     "outputPrepend",
     "outputPrepend",
     "outputPrepend",
     "outputPrepend",
     "outputPrepend",
     "outputPrepend",
     "outputPrepend",
     "outputPrepend",
     "outputPrepend",
     "outputPrepend",
     "outputPrepend",
     "outputPrepend",
     "outputPrepend",
     "outputPrepend",
     "outputPrepend",
     "outputPrepend",
     "outputPrepend",
     "outputPrepend",
     "outputPrepend",
     "outputPrepend",
     "outputPrepend",
     "outputPrepend",
     "outputPrepend",
     "outputPrepend",
     "outputPrepend",
     "outputPrepend",
     "outputPrepend",
     "outputPrepend",
     "outputPrepend",
     "outputPrepend",
     "outputPrepend",
     "outputPrepend",
     "outputPrepend",
     "outputPrepend",
     "outputPrepend",
     "outputPrepend",
     "outputPrepend",
     "outputPrepend",
     "outputPrepend",
     "outputPrepend",
     "outputPrepend",
     "outputPrepend",
     "outputPrepend",
     "outputPrepend",
     "outputPrepend",
     "outputPrepend",
     "outputPrepend",
     "outputPrepend",
     "outputPrepend",
     "outputPrepend",
     "outputPrepend",
     "outputPrepend",
     "outputPrepend",
     "outputPrepend",
     "outputPrepend",
     "outputPrepend",
     "outputPrepend",
     "outputPrepend",
     "outputPrepend",
     "outputPrepend",
     "outputPrepend",
     "outputPrepend",
     "outputPrepend",
     "outputPrepend",
     "outputPrepend",
     "outputPrepend",
     "outputPrepend",
     "outputPrepend",
     "outputPrepend",
     "outputPrepend",
     "outputPrepend",
     "outputPrepend",
     "outputPrepend",
     "outputPrepend",
     "outputPrepend",
     "outputPrepend",
     "outputPrepend",
     "outputPrepend",
     "outputPrepend",
     "outputPrepend",
     "outputPrepend",
     "outputPrepend",
     "outputPrepend",
     "outputPrepend",
     "outputPrepend",
     "outputPrepend",
     "outputPrepend",
     "outputPrepend",
     "outputPrepend",
     "outputPrepend",
     "outputPrepend",
     "outputPrepend",
     "outputPrepend",
     "outputPrepend",
     "outputPrepend",
     "outputPrepend",
     "outputPrepend",
     "outputPrepend",
     "outputPrepend",
     "outputPrepend",
     "outputPrepend",
     "outputPrepend",
     "outputPrepend",
     "outputPrepend",
     "outputPrepend",
     "outputPrepend",
     "outputPrepend",
     "outputPrepend",
     "outputPrepend",
     "outputPrepend",
     "outputPrepend",
     "outputPrepend",
     "outputPrepend",
     "outputPrepend",
     "outputPrepend",
     "outputPrepend",
     "outputPrepend",
     "outputPrepend",
     "outputPrepend",
     "outputPrepend",
     "outputPrepend",
     "outputPrepend",
     "outputPrepend",
     "outputPrepend",
     "outputPrepend",
     "outputPrepend",
     "outputPrepend",
     "outputPrepend",
     "outputPrepend",
     "outputPrepend",
     "outputPrepend",
     "outputPrepend",
     "outputPrepend",
     "outputPrepend",
     "outputPrepend",
     "outputPrepend",
     "outputPrepend",
     "outputPrepend",
     "outputPrepend",
     "outputPrepend",
     "outputPrepend",
     "outputPrepend",
     "outputPrepend",
     "outputPrepend",
     "outputPrepend",
     "outputPrepend",
     "outputPrepend",
     "outputPrepend",
     "outputPrepend",
     "outputPrepend",
     "outputPrepend",
     "outputPrepend",
     "outputPrepend",
     "outputPrepend",
     "outputPrepend",
     "outputPrepend",
     "outputPrepend",
     "outputPrepend",
     "outputPrepend",
     "outputPrepend",
     "outputPrepend",
     "outputPrepend",
     "outputPrepend",
     "outputPrepend",
     "outputPrepend",
     "outputPrepend",
     "outputPrepend",
     "outputPrepend",
     "outputPrepend",
     "outputPrepend",
     "outputPrepend",
     "outputPrepend",
     "outputPrepend",
     "outputPrepend",
     "outputPrepend",
     "outputPrepend",
     "outputPrepend",
     "outputPrepend",
     "outputPrepend",
     "outputPrepend",
     "outputPrepend",
     "outputPrepend",
     "outputPrepend",
     "outputPrepend",
     "outputPrepend",
     "outputPrepend",
     "outputPrepend",
     "outputPrepend",
     "outputPrepend",
     "outputPrepend",
     "outputPrepend",
     "outputPrepend",
     "outputPrepend",
     "outputPrepend",
     "outputPrepend",
     "outputPrepend",
     "outputPrepend",
     "outputPrepend",
     "outputPrepend",
     "outputPrepend",
     "outputPrepend",
     "outputPrepend",
     "outputPrepend",
     "outputPrepend",
     "outputPrepend",
     "outputPrepend",
     "outputPrepend",
     "outputPrepend",
     "outputPrepend",
     "outputPrepend",
     "outputPrepend",
     "outputPrepend",
     "outputPrepend",
     "outputPrepend",
     "outputPrepend",
     "outputPrepend",
     "outputPrepend",
     "outputPrepend",
     "outputPrepend",
     "outputPrepend",
     "outputPrepend",
     "outputPrepend",
     "outputPrepend",
     "outputPrepend",
     "outputPrepend",
     "outputPrepend",
     "outputPrepend",
     "outputPrepend",
     "outputPrepend",
     "outputPrepend",
     "outputPrepend",
     "outputPrepend",
     "outputPrepend",
     "outputPrepend",
     "outputPrepend",
     "outputPrepend",
     "outputPrepend",
     "outputPrepend",
     "outputPrepend",
     "outputPrepend",
     "outputPrepend",
     "outputPrepend",
     "outputPrepend",
     "outputPrepend",
     "outputPrepend",
     "outputPrepend",
     "outputPrepend",
     "outputPrepend",
     "outputPrepend",
     "outputPrepend",
     "outputPrepend",
     "outputPrepend",
     "outputPrepend",
     "outputPrepend",
     "outputPrepend",
     "outputPrepend",
     "outputPrepend",
     "outputPrepend",
     "outputPrepend",
     "outputPrepend",
     "outputPrepend",
     "outputPrepend",
     "outputPrepend",
     "outputPrepend",
     "outputPrepend",
     "outputPrepend",
     "outputPrepend",
     "outputPrepend",
     "outputPrepend",
     "outputPrepend",
     "outputPrepend",
     "outputPrepend",
     "outputPrepend",
     "outputPrepend",
     "outputPrepend",
     "outputPrepend",
     "outputPrepend",
     "outputPrepend",
     "outputPrepend",
     "outputPrepend",
     "outputPrepend",
     "outputPrepend",
     "outputPrepend",
     "outputPrepend",
     "outputPrepend",
     "outputPrepend",
     "outputPrepend",
     "outputPrepend",
     "outputPrepend",
     "outputPrepend",
     "outputPrepend",
     "outputPrepend",
     "outputPrepend",
     "outputPrepend",
     "outputPrepend",
     "outputPrepend",
     "outputPrepend",
     "outputPrepend",
     "outputPrepend",
     "outputPrepend",
     "outputPrepend",
     "outputPrepend",
     "outputPrepend",
     "outputPrepend",
     "outputPrepend",
     "outputPrepend",
     "outputPrepend",
     "outputPrepend",
     "outputPrepend",
     "outputPrepend",
     "outputPrepend",
     "outputPrepend",
     "outputPrepend",
     "outputPrepend",
     "outputPrepend",
     "outputPrepend",
     "outputPrepend",
     "outputPrepend",
     "outputPrepend",
     "outputPrepend",
     "outputPrepend",
     "outputPrepend",
     "outputPrepend",
     "outputPrepend",
     "outputPrepend",
     "outputPrepend",
     "outputPrepend",
     "outputPrepend",
     "outputPrepend",
     "outputPrepend",
     "outputPrepend",
     "outputPrepend",
     "outputPrepend",
     "outputPrepend",
     "outputPrepend",
     "outputPrepend",
     "outputPrepend",
     "outputPrepend",
     "outputPrepend",
     "outputPrepend",
     "outputPrepend",
     "outputPrepend",
     "outputPrepend",
     "outputPrepend",
     "outputPrepend",
     "outputPrepend",
     "outputPrepend",
     "outputPrepend",
     "outputPrepend",
     "outputPrepend",
     "outputPrepend",
     "outputPrepend",
     "outputPrepend",
     "outputPrepend",
     "outputPrepend",
     "outputPrepend",
     "outputPrepend",
     "outputPrepend",
     "outputPrepend",
     "outputPrepend",
     "outputPrepend",
     "outputPrepend",
     "outputPrepend",
     "outputPrepend",
     "outputPrepend",
     "outputPrepend",
     "outputPrepend",
     "outputPrepend",
     "outputPrepend",
     "outputPrepend",
     "outputPrepend",
     "outputPrepend",
     "outputPrepend",
     "outputPrepend",
     "outputPrepend",
     "outputPrepend",
     "outputPrepend",
     "outputPrepend",
     "outputPrepend",
     "outputPrepend",
     "outputPrepend",
     "outputPrepend",
     "outputPrepend",
     "outputPrepend",
     "outputPrepend",
     "outputPrepend",
     "outputPrepend",
     "outputPrepend",
     "outputPrepend",
     "outputPrepend",
     "outputPrepend",
     "outputPrepend",
     "outputPrepend",
     "outputPrepend",
     "outputPrepend",
     "outputPrepend",
     "outputPrepend",
     "outputPrepend",
     "outputPrepend",
     "outputPrepend",
     "outputPrepend",
     "outputPrepend",
     "outputPrepend",
     "outputPrepend",
     "outputPrepend",
     "outputPrepend",
     "outputPrepend",
     "outputPrepend",
     "outputPrepend",
     "outputPrepend",
     "outputPrepend",
     "outputPrepend",
     "outputPrepend",
     "outputPrepend",
     "outputPrepend",
     "outputPrepend",
     "outputPrepend",
     "outputPrepend",
     "outputPrepend",
     "outputPrepend",
     "outputPrepend",
     "outputPrepend",
     "outputPrepend",
     "outputPrepend",
     "outputPrepend",
     "outputPrepend",
     "outputPrepend",
     "outputPrepend",
     "outputPrepend",
     "outputPrepend",
     "outputPrepend",
     "outputPrepend",
     "outputPrepend",
     "outputPrepend",
     "outputPrepend",
     "outputPrepend",
     "outputPrepend",
     "outputPrepend",
     "outputPrepend",
     "outputPrepend",
     "outputPrepend",
     "outputPrepend",
     "outputPrepend",
     "outputPrepend",
     "outputPrepend",
     "outputPrepend",
     "outputPrepend",
     "outputPrepend",
     "outputPrepend",
     "outputPrepend",
     "outputPrepend",
     "outputPrepend",
     "outputPrepend",
     "outputPrepend",
     "outputPrepend",
     "outputPrepend",
     "outputPrepend",
     "outputPrepend",
     "outputPrepend",
     "outputPrepend",
     "outputPrepend",
     "outputPrepend",
     "outputPrepend",
     "outputPrepend",
     "outputPrepend",
     "outputPrepend",
     "outputPrepend",
     "outputPrepend",
     "outputPrepend",
     "outputPrepend",
     "outputPrepend",
     "outputPrepend",
     "outputPrepend",
     "outputPrepend",
     "outputPrepend",
     "outputPrepend",
     "outputPrepend",
     "outputPrepend",
     "outputPrepend",
     "outputPrepend",
     "outputPrepend",
     "outputPrepend",
     "outputPrepend",
     "outputPrepend",
     "outputPrepend",
     "outputPrepend",
     "outputPrepend",
     "outputPrepend",
     "outputPrepend",
     "outputPrepend",
     "outputPrepend",
     "outputPrepend",
     "outputPrepend",
     "outputPrepend",
     "outputPrepend",
     "outputPrepend",
     "outputPrepend",
     "outputPrepend",
     "outputPrepend",
     "outputPrepend",
     "outputPrepend",
     "outputPrepend",
     "outputPrepend",
     "outputPrepend",
     "outputPrepend",
     "outputPrepend",
     "outputPrepend",
     "outputPrepend",
     "outputPrepend",
     "outputPrepend",
     "outputPrepend",
     "outputPrepend",
     "outputPrepend",
     "outputPrepend",
     "outputPrepend",
     "outputPrepend",
     "outputPrepend",
     "outputPrepend",
     "outputPrepend",
     "outputPrepend",
     "outputPrepend",
     "outputPrepend",
     "outputPrepend",
     "outputPrepend",
     "outputPrepend",
     "outputPrepend",
     "outputPrepend",
     "outputPrepend",
     "outputPrepend",
     "outputPrepend",
     "outputPrepend",
     "outputPrepend",
     "outputPrepend",
     "outputPrepend",
     "outputPrepend",
     "outputPrepend",
     "outputPrepend",
     "outputPrepend",
     "outputPrepend",
     "outputPrepend",
     "outputPrepend",
     "outputPrepend",
     "outputPrepend",
     "outputPrepend",
     "outputPrepend",
     "outputPrepend",
     "outputPrepend",
     "outputPrepend",
     "outputPrepend",
     "outputPrepend",
     "outputPrepend",
     "outputPrepend",
     "outputPrepend",
     "outputPrepend",
     "outputPrepend",
     "outputPrepend",
     "outputPrepend",
     "outputPrepend",
     "outputPrepend",
     "outputPrepend",
     "outputPrepend",
     "outputPrepend",
     "outputPrepend",
     "outputPrepend",
     "outputPrepend",
     "outputPrepend",
     "outputPrepend",
     "outputPrepend",
     "outputPrepend",
     "outputPrepend",
     "outputPrepend",
     "outputPrepend",
     "outputPrepend",
     "outputPrepend",
     "outputPrepend",
     "outputPrepend",
     "outputPrepend",
     "outputPrepend",
     "outputPrepend",
     "outputPrepend",
     "outputPrepend",
     "outputPrepend",
     "outputPrepend",
     "outputPrepend",
     "outputPrepend",
     "outputPrepend",
     "outputPrepend",
     "outputPrepend",
     "outputPrepend",
     "outputPrepend",
     "outputPrepend",
     "outputPrepend",
     "outputPrepend",
     "outputPrepend",
     "outputPrepend",
     "outputPrepend",
     "outputPrepend",
     "outputPrepend",
     "outputPrepend",
     "outputPrepend",
     "outputPrepend",
     "outputPrepend",
     "outputPrepend",
     "outputPrepend",
     "outputPrepend",
     "outputPrepend",
     "outputPrepend",
     "outputPrepend",
     "outputPrepend",
     "outputPrepend",
     "outputPrepend",
     "outputPrepend",
     "outputPrepend",
     "outputPrepend",
     "outputPrepend",
     "outputPrepend",
     "outputPrepend",
     "outputPrepend",
     "outputPrepend",
     "outputPrepend",
     "outputPrepend",
     "outputPrepend",
     "outputPrepend",
     "outputPrepend",
     "outputPrepend",
     "outputPrepend",
     "outputPrepend",
     "outputPrepend",
     "outputPrepend",
     "outputPrepend",
     "outputPrepend",
     "outputPrepend",
     "outputPrepend",
     "outputPrepend",
     "outputPrepend",
     "outputPrepend",
     "outputPrepend",
     "outputPrepend",
     "outputPrepend",
     "outputPrepend",
     "outputPrepend",
     "outputPrepend",
     "outputPrepend",
     "outputPrepend",
     "outputPrepend",
     "outputPrepend",
     "outputPrepend",
     "outputPrepend",
     "outputPrepend",
     "outputPrepend",
     "outputPrepend",
     "outputPrepend",
     "outputPrepend",
     "outputPrepend",
     "outputPrepend",
     "outputPrepend",
     "outputPrepend",
     "outputPrepend",
     "outputPrepend",
     "outputPrepend",
     "outputPrepend",
     "outputPrepend",
     "outputPrepend",
     "outputPrepend",
     "outputPrepend",
     "outputPrepend",
     "outputPrepend",
     "outputPrepend",
     "outputPrepend",
     "outputPrepend",
     "outputPrepend",
     "outputPrepend",
     "outputPrepend",
     "outputPrepend",
     "outputPrepend",
     "outputPrepend",
     "outputPrepend",
     "outputPrepend",
     "outputPrepend",
     "outputPrepend",
     "outputPrepend",
     "outputPrepend",
     "outputPrepend",
     "outputPrepend",
     "outputPrepend",
     "outputPrepend",
     "outputPrepend",
     "outputPrepend",
     "outputPrepend",
     "outputPrepend",
     "outputPrepend",
     "outputPrepend",
     "outputPrepend",
     "outputPrepend",
     "outputPrepend",
     "outputPrepend",
     "outputPrepend",
     "outputPrepend",
     "outputPrepend",
     "outputPrepend",
     "outputPrepend",
     "outputPrepend",
     "outputPrepend",
     "outputPrepend",
     "outputPrepend",
     "outputPrepend",
     "outputPrepend",
     "outputPrepend",
     "outputPrepend",
     "outputPrepend",
     "outputPrepend",
     "outputPrepend",
     "outputPrepend",
     "outputPrepend",
     "outputPrepend",
     "outputPrepend",
     "outputPrepend",
     "outputPrepend",
     "outputPrepend",
     "outputPrepend",
     "outputPrepend",
     "outputPrepend",
     "outputPrepend",
     "outputPrepend",
     "outputPrepend",
     "outputPrepend",
     "outputPrepend",
     "outputPrepend",
     "outputPrepend",
     "outputPrepend",
     "outputPrepend",
     "outputPrepend",
     "outputPrepend",
     "outputPrepend",
     "outputPrepend",
     "outputPrepend",
     "outputPrepend",
     "outputPrepend",
     "outputPrepend",
     "outputPrepend",
     "outputPrepend",
     "outputPrepend",
     "outputPrepend",
     "outputPrepend",
     "outputPrepend",
     "outputPrepend",
     "outputPrepend",
     "outputPrepend",
     "outputPrepend",
     "outputPrepend",
     "outputPrepend",
     "outputPrepend",
     "outputPrepend",
     "outputPrepend",
     "outputPrepend",
     "outputPrepend",
     "outputPrepend",
     "outputPrepend",
     "outputPrepend",
     "outputPrepend",
     "outputPrepend",
     "outputPrepend",
     "outputPrepend",
     "outputPrepend",
     "outputPrepend",
     "outputPrepend",
     "outputPrepend",
     "outputPrepend",
     "outputPrepend",
     "outputPrepend",
     "outputPrepend",
     "outputPrepend",
     "outputPrepend",
     "outputPrepend",
     "outputPrepend",
     "outputPrepend",
     "outputPrepend",
     "outputPrepend",
     "outputPrepend",
     "outputPrepend",
     "outputPrepend",
     "outputPrepend",
     "outputPrepend",
     "outputPrepend",
     "outputPrepend",
     "outputPrepend",
     "outputPrepend",
     "outputPrepend",
     "outputPrepend",
     "outputPrepend",
     "outputPrepend",
     "outputPrepend",
     "outputPrepend",
     "outputPrepend",
     "outputPrepend",
     "outputPrepend",
     "outputPrepend",
     "outputPrepend",
     "outputPrepend",
     "outputPrepend",
     "outputPrepend",
     "outputPrepend",
     "outputPrepend",
     "outputPrepend",
     "outputPrepend",
     "outputPrepend",
     "outputPrepend",
     "outputPrepend",
     "outputPrepend",
     "outputPrepend",
     "outputPrepend",
     "outputPrepend",
     "outputPrepend",
     "outputPrepend",
     "outputPrepend",
     "outputPrepend",
     "outputPrepend",
     "outputPrepend",
     "outputPrepend",
     "outputPrepend",
     "outputPrepend",
     "outputPrepend",
     "outputPrepend",
     "outputPrepend",
     "outputPrepend",
     "outputPrepend",
     "outputPrepend",
     "outputPrepend",
     "outputPrepend",
     "outputPrepend",
     "outputPrepend",
     "outputPrepend",
     "outputPrepend",
     "outputPrepend",
     "outputPrepend",
     "outputPrepend",
     "outputPrepend",
     "outputPrepend",
     "outputPrepend",
     "outputPrepend",
     "outputPrepend",
     "outputPrepend",
     "outputPrepend",
     "outputPrepend",
     "outputPrepend",
     "outputPrepend",
     "outputPrepend",
     "outputPrepend",
     "outputPrepend",
     "outputPrepend",
     "outputPrepend",
     "outputPrepend",
     "outputPrepend",
     "outputPrepend",
     "outputPrepend",
     "outputPrepend",
     "outputPrepend",
     "outputPrepend",
     "outputPrepend",
     "outputPrepend",
     "outputPrepend",
     "outputPrepend",
     "outputPrepend",
     "outputPrepend",
     "outputPrepend",
     "outputPrepend",
     "outputPrepend",
     "outputPrepend",
     "outputPrepend",
     "outputPrepend",
     "outputPrepend",
     "outputPrepend",
     "outputPrepend",
     "outputPrepend",
     "outputPrepend",
     "outputPrepend",
     "outputPrepend",
     "outputPrepend",
     "outputPrepend",
     "outputPrepend",
     "outputPrepend",
     "outputPrepend",
     "outputPrepend",
     "outputPrepend",
     "outputPrepend",
     "outputPrepend",
     "outputPrepend",
     "outputPrepend",
     "outputPrepend",
     "outputPrepend",
     "outputPrepend",
     "outputPrepend",
     "outputPrepend",
     "outputPrepend",
     "outputPrepend",
     "outputPrepend",
     "outputPrepend",
     "outputPrepend",
     "outputPrepend",
     "outputPrepend",
     "outputPrepend",
     "outputPrepend",
     "outputPrepend",
     "outputPrepend",
     "outputPrepend",
     "outputPrepend",
     "outputPrepend",
     "outputPrepend",
     "outputPrepend",
     "outputPrepend",
     "outputPrepend",
     "outputPrepend",
     "outputPrepend",
     "outputPrepend",
     "outputPrepend",
     "outputPrepend",
     "outputPrepend",
     "outputPrepend",
     "outputPrepend",
     "outputPrepend",
     "outputPrepend",
     "outputPrepend",
     "outputPrepend",
     "outputPrepend",
     "outputPrepend",
     "outputPrepend",
     "outputPrepend",
     "outputPrepend",
     "outputPrepend",
     "outputPrepend",
     "outputPrepend",
     "outputPrepend",
     "outputPrepend",
     "outputPrepend",
     "outputPrepend",
     "outputPrepend",
     "outputPrepend",
     "outputPrepend",
     "outputPrepend",
     "outputPrepend",
     "outputPrepend",
     "outputPrepend",
     "outputPrepend",
     "outputPrepend",
     "outputPrepend",
     "outputPrepend",
     "outputPrepend",
     "outputPrepend",
     "outputPrepend",
     "outputPrepend",
     "outputPrepend",
     "outputPrepend",
     "outputPrepend",
     "outputPrepend",
     "outputPrepend",
     "outputPrepend",
     "outputPrepend",
     "outputPrepend",
     "outputPrepend",
     "outputPrepend",
     "outputPrepend",
     "outputPrepend",
     "outputPrepend",
     "outputPrepend",
     "outputPrepend",
     "outputPrepend",
     "outputPrepend",
     "outputPrepend",
     "outputPrepend",
     "outputPrepend",
     "outputPrepend",
     "outputPrepend",
     "outputPrepend",
     "outputPrepend",
     "outputPrepend",
     "outputPrepend",
     "outputPrepend",
     "outputPrepend",
     "outputPrepend",
     "outputPrepend",
     "outputPrepend",
     "outputPrepend",
     "outputPrepend",
     "outputPrepend",
     "outputPrepend",
     "outputPrepend",
     "outputPrepend",
     "outputPrepend",
     "outputPrepend",
     "outputPrepend",
     "outputPrepend",
     "outputPrepend",
     "outputPrepend",
     "outputPrepend",
     "outputPrepend",
     "outputPrepend",
     "outputPrepend",
     "outputPrepend",
     "outputPrepend",
     "outputPrepend",
     "outputPrepend",
     "outputPrepend",
     "outputPrepend",
     "outputPrepend",
     "outputPrepend",
     "outputPrepend",
     "outputPrepend",
     "outputPrepend",
     "outputPrepend",
     "outputPrepend",
     "outputPrepend",
     "outputPrepend",
     "outputPrepend",
     "outputPrepend",
     "outputPrepend",
     "outputPrepend",
     "outputPrepend",
     "outputPrepend",
     "outputPrepend",
     "outputPrepend",
     "outputPrepend",
     "outputPrepend",
     "outputPrepend",
     "outputPrepend",
     "outputPrepend",
     "outputPrepend",
     "outputPrepend",
     "outputPrepend",
     "outputPrepend",
     "outputPrepend",
     "outputPrepend",
     "outputPrepend",
     "outputPrepend",
     "outputPrepend",
     "outputPrepend",
     "outputPrepend",
     "outputPrepend",
     "outputPrepend",
     "outputPrepend",
     "outputPrepend",
     "outputPrepend",
     "outputPrepend",
     "outputPrepend",
     "outputPrepend",
     "outputPrepend",
     "outputPrepend",
     "outputPrepend",
     "outputPrepend",
     "outputPrepend",
     "outputPrepend",
     "outputPrepend",
     "outputPrepend",
     "outputPrepend",
     "outputPrepend",
     "outputPrepend",
     "outputPrepend",
     "outputPrepend",
     "outputPrepend",
     "outputPrepend",
     "outputPrepend",
     "outputPrepend",
     "outputPrepend",
     "outputPrepend",
     "outputPrepend",
     "outputPrepend",
     "outputPrepend",
     "outputPrepend",
     "outputPrepend",
     "outputPrepend",
     "outputPrepend",
     "outputPrepend",
     "outputPrepend",
     "outputPrepend",
     "outputPrepend",
     "outputPrepend",
     "outputPrepend",
     "outputPrepend",
     "outputPrepend",
     "outputPrepend",
     "outputPrepend",
     "outputPrepend",
     "outputPrepend",
     "outputPrepend",
     "outputPrepend",
     "outputPrepend",
     "outputPrepend",
     "outputPrepend",
     "outputPrepend",
     "outputPrepend",
     "outputPrepend",
     "outputPrepend",
     "outputPrepend",
     "outputPrepend",
     "outputPrepend",
     "outputPrepend",
     "outputPrepend",
     "outputPrepend",
     "outputPrepend",
     "outputPrepend",
     "outputPrepend",
     "outputPrepend",
     "outputPrepend",
     "outputPrepend",
     "outputPrepend",
     "outputPrepend",
     "outputPrepend",
     "outputPrepend",
     "outputPrepend",
     "outputPrepend",
     "outputPrepend",
     "outputPrepend",
     "outputPrepend",
     "outputPrepend",
     "outputPrepend",
     "outputPrepend",
     "outputPrepend",
     "outputPrepend",
     "outputPrepend",
     "outputPrepend",
     "outputPrepend",
     "outputPrepend",
     "outputPrepend",
     "outputPrepend",
     "outputPrepend",
     "outputPrepend",
     "outputPrepend",
     "outputPrepend",
     "outputPrepend",
     "outputPrepend",
     "outputPrepend",
     "outputPrepend",
     "outputPrepend",
     "outputPrepend",
     "outputPrepend",
     "outputPrepend",
     "outputPrepend",
     "outputPrepend",
     "outputPrepend",
     "outputPrepend",
     "outputPrepend",
     "outputPrepend",
     "outputPrepend",
     "outputPrepend",
     "outputPrepend",
     "outputPrepend",
     "outputPrepend",
     "outputPrepend",
     "outputPrepend",
     "outputPrepend",
     "outputPrepend",
     "outputPrepend",
     "outputPrepend",
     "outputPrepend",
     "outputPrepend",
     "outputPrepend",
     "outputPrepend",
     "outputPrepend",
     "outputPrepend",
     "outputPrepend",
     "outputPrepend",
     "outputPrepend",
     "outputPrepend",
     "outputPrepend",
     "outputPrepend",
     "outputPrepend",
     "outputPrepend",
     "outputPrepend",
     "outputPrepend",
     "outputPrepend",
     "outputPrepend",
     "outputPrepend",
