4.881444315464480996e-06 1.370573732261660186e-06 8.376246597866966064e-06 8.762583424182195707e-06 2.431285030139643578e-06 2.037547034639515505e-06 1.256230445793364244e-06 3.024493476971493066e-06 7.436866540285281190e-07 1.774961446453711400e-01 4.124302856355047236e-06 1.505167688866048309e-06 2.787677819783176186e-05 2.617001285065254569e-06 7.422201485952587701e-06 1.826368168314353342e-06 7.470016732895972122e-01 5.199808925920372280e-06 7.541872634571204770e-02
4.394471005314271863e-06 1.196974459223110522e-06 8.186319124259553974e-06 9.344643877820226147e-06 3.526704252961861617e-06 1.962360861017962026e-06 1.345084894575497362e-06 5.208689421167889819e-06 1.499358457833387632e-06 1.774750927450847449e-01 4.550287313978061649e-06 2.574942798987584657e-06 3.100159830989092651e-05 3.917989287409398348e-06 1.166294287638184739e-05 4.096840784264331059e-06 7.469878335108544043e-01 6.180723569666874349e-06 7.543642381276612074e-02
5.068597379840841956e-06 8.425048133600728283e-07 7.389095903988410553e-06 1.005625235856656249e-05 1.639071514779170267e-06 8.643630547043983755e-07 1.287110707897948428e-06 2.298421487764211341e-06 1.096326323488608282e-06 1.774516090777648880e-01 3.478417206284875356e-06 2.703744893006540528e-06 5.205499656481129102e-05 2.819636499632415571e-06 1.291193668665917574e-05 1.770027398368562947e-06 7.469548473868462546e-01 4.822973237118040431e-06 7.548244005935864087e-02
2.275090352770613825e-06 1.374628883180433257e-06 5.335443149269820987e-06 6.118786639913241381e-06 2.052036610020401247e-06 1.536881002972472561e-06 6.179241883098422320e-07 3.149705944199049417e-06 8.216929335746303209e-07 1.776028951499070696e-01 3.452775580054419894e-06 1.590620356415921347e-06 3.186956855634237628e-05 2.074246180921198936e-06 7.666536906128261156e-06 2.467227607533956175e-06 7.469163784815485707e-01 3.625086906670914856e-06 7.540469811674607725e-02
3.925071654814138210e-06 1.233878661033760346e-06 1.060879645984078347e-05 9.263681928761779516e-06 2.735995125389191032e-06 1.299079452546130614e-06 1.047454711933904079e-06 4.412069281148156571e-06 1.237210930583730252e-06 1.774431062231587863e-01 4.354947051041192178e-06 3.173985122357730861e-06 5.174681954200529963e-05 2.200965810679456414e-06 1.217286955609857351e-05 2.571024263651374750e-06 7.468490586068868842e-01 3.358064819333646330e-06 7.559249325558314858e-02
2.830981366346072716e-06 1.729416342422847002e-06 6.431644807150842148e-06 1.009096326674182804e-05 2.674592436521927162e-06 1.630354507053910816e-06 7.596871458103655941e-07 2.360878811962392512e-06 8.138952101608504357e-07 1.771334954048112698e-01 3.872491049095305410e-06 1.420818393871455588e-06 1.711059165825096076e-05 2.762932793889648974e-06 7.082643571662081121e-06 3.016931222662246187e-06 7.471684056877312408e-01 4.817280684066029018e-06 7.562869280418998974e-02
4.311798081377166067e-06 1.224487009026644776e-06 6.953006484109183797e-06 6.546116837219575375e-06 1.813338884745790790e-06 1.917050050203599721e-06 1.321553544415992720e-06 2.995652241993903633e-06 1.196124111684466126e-06 1.773844803655239277e-01 4.512200938053731945e-06 2.022076199134670445e-06 2.896829769723813878e-05 2.588421439953507972e-06 8.308908224000335799e-06 2.898546783236741740e-06 7.470619240774707404e-01 4.829191683028563510e-06 7.547118878679574816e-02
3.885049921926005431e-06 1.023669141711128855e-06 6.039010028010513868e-06 9.112369316995691746e-06 2.990225135463561640e-06 1.549161910531738727e-06 1.195587116096442213e-06 2.576951436376514693e-06 1.306346755920388729e-06 1.774322361695920003e-01 3.558268787943497982e-06 2.124829885196559774e-06 2.223488979854523000e-05 3.735476738429064713e-06 9.058758314616158626e-06 2.643991372190375791e-06 7.470521666362960334e-01 3.594123192322343348e-06 7.543896848525957766e-02
3.531615185640364232e-06 1.217573376169867780e-06 8.438341891881550154e-06 9.054673647410725121e-06 2.387489564761697613e-06 1.445137248165557200e-06 9.799348321153380072e-07 3.059129157090859805e-06 1.427966862053162322e-06 1.775204948090792489e-01 4.371187335586964268e-06 2.155987698431943008e-06 1.650000748757126713e-05 3.294397093414446976e-06 9.375766050406396631e-06 3.770820470527392674e-06 7.469167622277027574e-01 3.312316975962724402e-06 7.548842061834076800e-02
3.642343584537073913e-06 1.224195072198266889e-06 5.041550496904291669e-06 8.152223452341685050e-06 2.165528526543546749e-06 1.608370673618710294e-06 7.484210921795854554e-07 3.593948379174418339e-06 8.202144907474965629e-07 1.775426451750997670e-01 4.721349121880594725e-06 1.926587859806715884e-06 3.650843427841501075e-05 3.987315810193894623e-06 1.338707342396345673e-05 2.021496470318633197e-06 7.470002330224878584e-01 5.168098962331021278e-06 7.536240465071723793e-02
2.775746359744522993e-06 1.394969049161346483e-06 7.599917904084569896e-06 5.497271312866929737e-06 2.835632605746123385e-06 1.420772671078024318e-06 7.444158367148924997e-07 2.579948795108322107e-06 6.733773358615391602e-07 1.774436071307010365e-01 3.891263611200367914e-06 1.348930645500764403e-06 2.738515120450256879e-05 2.361584284322637103e-06 1.041637627967740608e-05 2.214928071544188638e-06 7.468353066158163189e-01 4.377843883389158152e-06 7.564356812363211280e-02
4.554536983308157554e-06 1.213222331464011523e-06 8.208854862858407155e-06 9.240919044733588930e-06 2.162722337404183463e-06 1.590400571776626199e-06 8.745809398571218030e-07 3.195351834233456168e-06 1.078940295515444652e-06 1.773532240940373927e-01 5.579980572492598977e-06 2.517323697152597547e-06 4.481547497756181573e-05 2.749876060426137729e-06 7.869982961514962528e-06 3.129666886286690397e-06 7.471591936349643026e-01 4.517011196834150923e-06 7.538428342544506444e-02
3.328343288052089429e-06 5.003991149141566783e-07 4.735828014664431932e-06 6.290624161832759003e-06 1.707603835442721258e-06 9.135881537246888190e-07 5.813542951285451547e-07 1.888578661123625307e-06 1.069846033990351899e-06 1.774500183906602968e-01 3.442593250924714076e-06 2.803439645028468617e-06 3.391897299787508349e-05 2.509285797325568011e-06 8.084620633718285899e-06 1.827226733246122514e-06 7.469962986879375988e-01 5.343861684038540121e-06 7.547473675510091295e-02
2.786517658562649915e-06 1.731056085199194492e-06 5.790104917950499499e-06 1.016569024000920226e-05 3.608585207815324136e-06 1.025736026604862637e-06 1.063215244141580571e-06 2.656319189163765696e-06 1.012233502877492891e-06 1.773338904863260290e-01 4.836875897662943396e-06 1.837951695528256569e-06 2.029169364083758753e-05 3.220943363626075732e-06 7.704810787040470142e-06 2.319465769479876995e-06 7.471057991600772441e-01 4.225950587464889240e-06 7.548603320378270698e-02
3.698832587439460812e-06 8.022943175459990881e-07 7.717291643299544802e-06 7.965619157855444355e-06 2.863337788492451018e-06 1.894285734943734822e-06 1.316517593926308656e-06 3.376986099482238829e-06 1.269634295977053018e-06 1.773436877477782281e-01 5.296095297099407134e-06 2.198422677440954326e-06 2.086912812175488387e-05 3.893732612928573228e-06 8.280581175679828615e-06 2.903624572424068122e-06 7.470578779651495527e-01 5.529151118356368216e-06 7.551855875227764248e-02
3.163399616724679409e-06 1.165901096684079779e-06 8.026361861818647565e-06 7.358459374406306619e-06 2.192187337488632204e-06 1.131405338252680484e-06 9.018459905187301283e-07 1.927038191865912973e-06 8.244623467646589921e-07 1.775207576728520531e-01 3.642883607901351293e-06 2.430842821056408467e-06 3.929225597571110273e-05 3.332278042830026242e-06 8.972631449138831577e-06 2.827670048487697249e-06 7.469274974226033370e-01 5.297284710095922984e-06 7.545925799673476597e-02
3.902408933171911487e-06 1.523596489226647998e-06 6.697221630475237069e-06 8.775457665813007785e-06 1.789368890028940348e-06 1.274243547031075848e-06 8.816641238037048253e-07 2.745247043587340761e-06 7.752370912090579831e-07 1.772053606831547889e-01 4.508572498247735426e-06 2.861116082629223628e-06 2.056019876729131874e-05 3.224468213311271053e-06 1.039970640420607515e-05 3.055094090307009351e-06 7.471040515149490746e-01 4.839638653425735417e-06 7.561277456177241396e-02
3.975202446836120039e-06 1.676106242195218984e-06 8.290883868059226270e-06 8.305743283210695571e-06 2.392783293305039484e-06 1.561172638229143836e-06 9.451803989979884179e-07 1.908847037111644549e-06 1.470682789142935212e-06 1.774543589076068295e-01 5.265869664449469479e-06 2.484080767978079819e-06 1.771821819909160967e-05 3.347769866112054105e-06 1.088888439914502633e-05 2.653783896266163516e-06 7.469169988506143554e-01 4.501769783921484613e-06 7.555125526320463636e-02
4.245084625358322724e-06 1.164608557808382044e-06 6.878155012985757808e-06 7.395436520949301881e-06 3.409251274502078119e-06 1.143086627641384141e-06 7.674476742854651244e-07 2.680099254755422117e-06 8.008716641708956189e-07 1.774773763921504433e-01 4.125734909973857125e-06 2.267584985974575103e-06 1.893659716728147464e-05 3.304943450186595608e-06 6.236318540133393110e-06 2.642683092404776495e-06 7.471089005957036733e-01 4.265488739109505253e-06 7.534345962004827812e-02
3.353879738598976558e-06 1.714189907429256134e-06 7.170223248098209264e-06 7.135308921563997486e-06 1.696350717117659467e-06 1.266602191775907888e-06 8.601953471740621959e-07 2.577759361858708853e-06 7.756097452390209679e-07 1.775117330630413548e-01 2.584171087366179130e-06 1.718687376397929624e-06 1.824205776484354985e-05 2.424613452079939720e-06 5.208806277888527194e-06 1.271782009823270608e-06 7.467635157093596154e-01 3.365594490386918865e-06 7.566338539596141610e-02
5.535321604848794126e-06 1.460675883483842923e-06 5.748880497920845947e-06 9.970857063641078901e-06 2.323935928789327758e-06 1.840890817673127833e-06 7.401421082077295157e-07 3.388660329820349967e-06 1.193889360935046936e-06 1.774468381935490058e-01 4.357882943357894170e-06 3.671075966183619537e-06 1.964931909344645050e-05 4.717158296447378915e-06 1.089892329590399704e-05 3.261375564472302290e-06 7.469498837216250742e-01 5.677476569302524894e-06 7.551884161950155050e-02
2.724807800053663421e-06 7.500112860377201608e-07 6.664366891522690007e-06 8.670058059064354825e-06 2.252835659013144811e-06 1.090948466353828167e-06 1.174266834622248928e-06 2.858699309689843726e-06 6.868949142214324283e-07 1.775525943192347300e-01 4.111913039826112019e-06 2.483049095232102793e-06 2.120721928845010197e-05 3.321760971233450846e-06 6.526548268836383490e-06 2.879465579444521083e-06 7.468550132801640151e-01 4.351248647323253096e-06 7.552063830649027865e-02
3.717204283565724979e-06 1.045937767765457011e-06 7.424122799699063073e-06 1.208914413992458065e-05 2.843459260991456288e-06 1.975118616685794008e-06 1.318490573917979749e-06 3.431144829457601872e-06 1.004376707427609089e-06 1.773977820392058924e-01 6.125386133862389901e-06 2.628805318649765911e-06 2.579101537063614431e-05 3.156010758925197358e-06 9.392347060418875456e-06 3.296129401845804656e-06 7.469975151512986411e-01 5.146498935559700560e-06 7.551431761753626959e-02
3.795452046978665070e-06 9.330905119851261053e-07 5.551831456398443992e-06 6.418623009201877361e-06 2.125637691705265529e-06 1.002265448886169197e-06 4.224855572082209708e-07 3.560243088251986632e-06 7.938867364048140810e-07 1.772797903164818056e-01 3.937708093525308696e-06 2.694663067027929825e-06 2.011737769611089891e-05 2.714358121915060097e-06 6.459997480822952807e-06 1.900643410522389134e-06 7.471655172248988785e-01 3.853955298066287228e-06 7.548841023990425503e-02
5.613064729979986573e-06 9.490114439167722858e-07 5.577549894449175965e-06 7.938407035233413788e-06 2.339524043029597743e-06 1.244742734463919236e-06 1.319583901555996851e-06 3.860364234145113670e-06 8.222448151154129829e-07 1.775201414094297603e-01 4.263323307865357937e-06 2.716776116431427918e-06 2.384741264943129158e-05 1.626514071904172435e-06 7.269488400172494746e-06 2.745430514179229153e-06 7.470264329212739085e-01 3.781246613191657619e-06 7.537751098479124334e-02
4.027661568270451610e-06 1.045825880481235494e-06 9.015771769895953880e-06 9.737146487339529860e-06 2.884970024762350417e-06 1.575418731896824360e-06 1.299336537735512667e-06 2.311878441310470910e-06 1.099897824180920299e-06 1.774391674036677191e-01 4.720532837612810926e-06 2.838575164397325293e-06 3.978250887021701413e-05 1.703797808034554907e-06 1.267172464779458413e-05 3.221090078066173355e-06 7.470470269648444850e-01 4.784941700268119587e-06 7.541108455311540393e-02
2.486229548392060685e-06 8.697407178895351662e-07 6.863124065944150288e-06 7.033606034463729742e-06 2.913885378630432082e-06 1.750313284456681952e-06 1.313203729568213055e-06 3.347341093845537514e-06 1.220920361194311783e-06 1.775220283165168389e-01 4.923750250338485306e-06 1.384773457756000224e-06 3.293197079576215856e-05 4.790385322597169902e-06 5.927691880989161046e-06 3.078931326933926876e-06 7.469822777601111685e-01 3.789031593812261183e-06 7.541106902452934801e-02
2.459160032076963918e-06 1.211598197734267975e-06 9.033882450683804291e-06 5.395263838851812905e-06 3.638213555511004280e-06 1.470523351246211349e-06 1.120634380889633096e-06 2.221978784146295062e-06 6.693043598484249675e-07 1.772828261510618619e-01 3.106990571441000356e-06 2.897309540800036244e-06 8.257247961410585802e-06 3.204974463773419036e-06 6.343604182941525245e-06 2.546649760690579166e-06 7.471248148655230681e-01 2.508359179380092730e-06 7.553627328880381520e-02
4.577596364089946383e-06 1.218387505016801476e-06 8.029121696808585968e-06 9.856051727653293934e-06 2.332389792545509258e-06 1.673411809653933256e-06 1.511096052302151155e-06 3.113727713904632867e-06 1.619438475666518819e-06 1.773504254730253749e-01 4.829257444281729801e-06 1.902854561582522396e-06 4.320723650464236240e-05 3.157119671930002909e-06 1.191902122147167490e-05 2.987681083190253646e-06 7.471480556419551888e-01 3.455830039460166139e-06 7.539612866335530794e-02
2.934224964014847779e-06 1.545021356284726309e-06 6.234858016258121825e-06 8.707082053785749313e-06 2.563840473528946753e-06 1.891241805015880726e-06 1.073617268062214084e-06 3.430378458251110337e-06 9.379836761311270855e-07 1.774507800245794797e-01 5.146627066017772147e-06 2.606281228406377632e-06 2.493569686900443458e-05 2.591646358923424433e-06 9.574870012035281111e-06 2.647142605338279864e-06 7.471286281882911773e-01 4.507229638995989578e-06 7.533926404527913068e-02
