3.777384508478400140e-06 2.970508196970057133e-06 6.269015030089888116e-05 5.657280484116007053e-06 1.023707642196736892e-05 4.344479595612423736e-06 4.174235748545730903e-06 8.985919263497013428e-06 1.241282204788072158e-06 3.987038667967107366e-06 4.116205454279001811e-06 5.341328769023297290e-06 1.344880311896753818e-05 2.598795739711654112e-06 1.431076420612254557e-05 5.119827156742214659e-06 8.013794998260045377e-01 1.392703447020881111e-05 1.984535720596875552e-01
1.332416726144330865e-06 7.154746922124648348e-07 1.051026454046738991e-05 1.940527127014367089e-06 9.379627864798972737e-07 7.945131086856171443e-07 2.777240463264126040e-07 1.661001956892438108e-06 2.120794860531756089e-07 1.122567662137090275e-05 2.414644183200231820e-06 4.661796229238584796e-07 2.086652287367621721e-06 8.977937029257891475e-07 2.077228629368876260e-06 6.783729067639662382e-07 9.999588031362930396e-01 1.243673876753595840e-06 1.724677405931196119e-06
1.885194798812089605e-06 2.434222199207285987e-06 1.307099064941565786e-05 7.786290715352496767e-06 1.267642384313235067e-06 9.569307952123339067e-07 4.443951987491844756e-07 1.441274513007137788e-06 5.698418788361500651e-07 7.295194858668522099e-05 3.776973471652261549e-06 6.943909581983085121e-07 1.863445075968883033e-06 1.003335994050428011e-06 3.325608219958916930e-06 1.624558033960241648e-06 9.998802088996511239e-01 1.279033518035800895e-06 3.415023357477510845e-06
2.537458014804001860e-05 4.192188827043911551e-06 1.625784875795398543e-01 1.774040464243171672e-05 3.552628955081360844e-05 9.605717516248559918e-06 1.017715514675155314e-05 1.014180632639086622e-05 3.324722415291060645e-06 2.911428536155494240e-01 4.805195205149991362e-06 1.921294936292782982e-04 2.562246485674967445e-05 8.499277161934087194e-03 2.736146299481801943e-05 1.063858547844588167e-05 7.010598192258819534e-05 1.608022976614657777e-05 5.373165553645505854e-01
6.640294744271087993e-06 6.923996430871726580e-06 8.820986215263835925e-06 1.510359225610518411e-05 2.423952144539667436e-05 5.147414575446708321e-06 1.539481582240850576e-06 1.638555028520439355e-05 1.682221769369581488e-06 2.823143275343493123e-06 4.246296116010367047e-06 1.255456296780040615e-01 7.880046303453829115e-06 7.086690890082246943e-06 1.123442626882699337e-05 5.287661633517029179e-06 3.712220945237401093e-01 5.268332873508727299e-06 5.031019661415909727e-01
1.176478260385193483e-05 4.150980837607481431e-06 2.186269214686944630e-05 7.954745130090100019e-06 6.300670901741498450e-06 5.625843456517568127e-06 2.609292154039792197e-06 2.799139963818654202e-06 2.808771674054695943e-06 1.273875818252555519e-06 1.950286108304408599e-06 4.575251242768683249e-06 3.844999778437827381e-06 7.696946467594882303e-06 1.380779869553798217e-05 9.286623164767891179e-06 8.920332375779872480e-01 2.921576466172283621e-06 1.078555281454022796e-01
2.695981943297792576e-06 2.643151949180860622e-06 5.916289071038757963e-06 6.297257011624950920e-06 2.081446239515103826e-06 2.161415687103722161e-06 8.261088257019481178e-07 3.195751978315043358e-06 1.577731641413516883e-06 2.554784010097612139e-05 1.726343746497319609e-05 2.076737622332730056e-06 8.764371318871684815e-06 1.047766327530153563e-05 5.001220034105607337e-06 4.484665508732687152e-06 7.684796718226296619e-01 2.319218265197514363e-06 2.314169978894325963e-01
2.712821223828198010e-06 1.895521908572364258e-06 3.028081714385920299e-06 3.534906568356987466e-06 1.409494955942825417e-06 1.577865185986212938e-06 2.476680934563561532e-06 5.254941806937024802e-06 1.914127542816747051e-06 6.407049018258394180e-02 1.364629864298479529e-05 3.283409990865719984e-06 4.799364733685015053e-06 1.493139448543659519e-06 2.035270404461518206e-06 3.941655757135682198e-06 2.731643982050478497e-05 1.902832460728165879e-06 9.358472869643158498e-01
1.224994474931313774e-05 9.532152947963727905e-07 6.190386001977751722e-06 5.594370101122386751e-01 3.169676209951375022e-06 1.871856567144945676e-06 1.963641251561453206e-06 6.997858048367563829e-06 4.824615442862815125e-06 4.046890519110479256e-01 4.531334650698924410e-06 1.448692549523913773e-06 1.759382045366613930e-05 5.012805590586627751e-06 1.072705358687880616e-05 4.498067775561409062e-06 3.576821754603192599e-02 1.726847485877749407e-05 6.418987649973438490e-06
2.258191002879872592e-05 1.741790183857417423e-06 3.701919069536800944e-01 8.939281389929539299e-06 8.835842723465466030e-06 3.963387800205689070e-06 3.852134928674447867e-06 7.249732786305775872e-06 2.438905261382489990e-06 1.014589338213710631e-05 4.662807180086405681e-06 4.863533974497945998e-06 2.690380344009820623e-01 5.289323995718523547e-05 1.081380778751690789e-05 7.227483540522823305e-06 3.605100875360279233e-01 2.923508811887660979e-05 8.052627026656935909e-05
2.581550474486263514e-06 2.718968060016608203e-07 7.956723862186110014e-06 1.803581944658521019e-06 1.161210150273456720e-06 7.149774848615426143e-07 4.311334873821267047e-07 1.508544191873916228e-06 6.228397059418227361e-07 2.436386278060138140e-06 1.367181838961722255e-06 6.782540017427199234e-07 2.168197374699113310e-06 5.117964363606221866e-06 3.633266638881143714e-06 1.578438492704504275e-06 9.999602888281942104e-01 1.921353524124353232e-06 3.757671185264409396e-06
1.168796791064249440e-05 5.621237834800428651e-06 2.104961046786847645e-01 6.570262877175475924e-06 4.408945180921819427e-06 4.623420918556797458e-06 7.889948296706610353e-01 1.217297439827270040e-05 9.100949642888432373e-06 3.082434979591739609e-06 2.503074318902586900e-06 1.602347218587879265e-06 7.186670901056257761e-06 2.370396323129394976e-06 9.255062533632467698e-06 2.146815183807547711e-06 4.095893336663337914e-04 8.759595963461508258e-06 8.384160802211999667e-06
4.887426077309584230e-06 1.872304797010228757e-06 2.953822980008516837e-06 8.781123916662735285e-01 1.840567451982778224e-06 3.904399677638750763e-06 1.347655841890555657e-06 3.849615593971294036e-06 2.013162298064568773e-06 1.217885961012353940e-01 7.106206347302556020e-06 6.127508633518850527e-07 7.273170432749897310e-06 2.556713689059415566e-06 3.568977271173300268e-06 3.518127419721309831e-06 3.989659622570496892e-05 3.833293704394915803e-06 7.977441819468809262e-06
7.319390793388911494e-06 9.873280059908605215e-07 9.574351183872509817e-06 3.358061042095234465e-06 2.314473832814476788e-06 7.647241928197531337e-07 4.527221932556989256e-07 1.662537042360165900e-06 3.275189394404142249e-07 1.395198003882448091e-06 7.138359411351435622e-07 1.436624665977129311e-06 4.522018328624214643e-06 2.289782405142407940e-06 3.382178603097310940e-06 2.156619721165106724e-06 9.999474056831576529e-01 3.619556691847557851e-06 6.317395255355755647e-06
1.664678142802799738e-05 2.142537313913719422e-04 1.484333950445122507e-01 1.078321884619460785e-05 2.496361754710204583e-05 3.145282055293878082e-06 1.186599217923580983e-05 7.675041205083292634e-06 3.702298779569232422e-06 2.245768509313319714e-02 4.331594283792563511e-06 2.723217158654118730e-01 2.099575826580318239e-05 3.669821029095161553e-06 5.564074742322807632e-01 5.242157505464576270e-06 3.411372622756660529e-05 9.211840820294044837e-06 9.128903097976775178e-06
5.158161865728313718e-06 1.350425638484628480e-06 5.763179303924011441e-06 2.314940480063046723e-06 9.832158825257393511e-07 6.465536815974533010e-07 7.187408137704745363e-07 1.200264275093616700e-06 1.052845821500544580e-06 6.535378770447803448e-06 2.339294574629036949e-06 4.377914746114244908e-07 4.598619061142761377e-06 2.610370533125337764e-06 2.600677652128408684e-06 8.600512646105936075e-07 9.999566997261467582e-01 1.689025368813439789e-06 2.440737391165823629e-06
2.736030886644903100e-06 1.070114429023372038e-06 6.217876141980024704e-06 7.016345464712458703e-06 9.456411953708594361e-07 1.188893384789566520e-06 4.294712468836203373e-07 1.486075112760660555e-06 4.207138065657329900e-07 1.123818555040840977e-06 4.014235703756949360e-06 1.317275775335314483e-06 3.967926183813717824e-06 5.241462176828485186e-06 2.320516125286562683e-06 1.878809048948117556e-06 9.999501086896670499e-01 3.849695953164107338e-06 4.666409142055853603e-06
7.368167457159103951e-07 7.833105680669095738e-01 6.584683077493038135e-07 1.076177324350342223e-06 6.775815455100801412e-06 2.772097568197839546e-06 8.212568314687145298e-06 1.043833327830974755e-05 1.806638771571276632e-06 2.166203415576703206e-01 6.610172947729535137e-06 6.495093883550479743e-06 2.350499065910932776e-06 2.939475990740856434e-06 3.405317862752440572e-06 4.258025718241574694e-06 5.280407510038793910e-06 2.882431822805569151e-06 2.392034852541909588e-06
4.143047405182734535e-06 1.381153009311771559e-06 1.896499754443755953e-05 2.879937841948909513e-06 1.210812482346235601e-06 1.223673138183685235e-06 3.873331875250088537e-06 2.259675169624861467e-06 2.186394066603218972e-06 2.267223126250916470e-06 2.603050105529471682e-06 2.971147507473912270e-06 7.721767223445510236e-06 2.500989444748493474e-06 1.499285160067513675e-05 2.382309763532650729e-06 9.999214759833610078e-01 2.363394718803328381e-06 2.598260615610472879e-06
1.012609535926038500e-04 3.281774400294437122e-01 1.678440455822763713e-05 1.052391398780288746e-05 1.345202991826998034e-05 1.093008580141952024e-04 1.412776123408858890e-05 3.346287532258724571e-05 9.833084169431006354e-06 1.367949751040368200e-01 4.089418549149521583e-05 1.105253697000970500e-05 6.726101355974394990e-05 1.197484271558867450e-05 4.149161062178332042e-05 1.527564059827950224e-05 2.992732802699571426e-01 1.189112375888066646e-05 2.352457177620493889e-01
8.282002175949749689e-06 1.720349170258963942e-06 7.917689532695712369e-06 5.099970849978579608e-06 5.471591358907924072e-06 3.927434066783200957e-06 1.460971620889715612e-06 1.104117521353137684e-05 2.329456344760192934e-06 1.332384927348547072e-06 4.225183630392708958e-06 1.130254752491852106e-06 3.038156786037230495e-01 3.231954630623238471e-06 9.627377844131976400e-05 5.152369365503613331e-06 6.350852524824365242e-01 7.420675054731748678e-06 6.093305167270432476e-02
3.430956897294104324e-06 2.476012427243384293e-06 1.472920503699966955e-05 9.649667863511336122e-06 2.308214049429031311e-06 1.619252534842089323e-06 5.543822196522241783e-07 6.697718151841032287e-06 7.375396110899672245e-07 9.403775626562010554e-06 5.550771684171693215e-06 8.542101370148156034e-07 1.987886768304076529e-05 6.055748066694280691e-06 3.738011517163387866e-05 2.592220417289010803e-06 9.998558171705541620e-01 9.168862104663111777e-06 1.109530976288571264e-05
1.797182103578295605e-04 1.071963382021576905e-06 6.678055854930650147e-06 3.859496241758891166e-05 1.822035274645572445e-06 1.913292149642139240e-06 1.221037684766851270e-06 4.121849723548474296e-06 1.241035889575365464e-06 7.173703375479196491e-07 1.246162054256202713e-06 2.106522965831815419e-06 2.300958263579209594e-04 1.237519427397926452e-05 1.641886155969521921e-01 4.360914384382160639e-06 8.353040555690336433e-01 8.166290867604795149e-06 1.187811003797686078e-05
9.563891907105955776e-06 5.626492997875951656e-06 2.357849366632106886e-05 2.637184464380743323e-05 5.182840327164063527e-06 4.082586274243353904e-06 3.830322942194230572e-06 1.196959900626348540e-05 4.142277048351185674e-06 1.799225291517906333e-01 6.083628941065613215e-06 8.402100018338839703e-06 2.527328345481671401e-01 1.826786810753092160e-06 3.008511611803832864e-05 8.265060782408828187e-06 4.216572355983996268e-01 6.458083706119706957e-06 1.455319315764526111e-01
