3.419547765444613422e-05 1.812661767302011138e-05 1.412708799178022945e-01 1.543162726043804250e-02 1.205295038416518081e-05 1.418053600813745330e-05 4.935314794713526241e-06 2.407112979437321044e-05 3.068143871239166856e-06 1.031250800954225195e-06 6.196496574319228453e-06 2.041162040868936949e-05 5.620158398846239852e-05 3.664187498223216433e-01 4.765306350676953295e-01 8.491467648584501325e-06 5.193713310141617441e-05 2.756903727074512780e-05 6.563917176944426238e-05
1.743982808782431490e-05 2.011153707270567106e-06 1.735814335107010479e-05 2.950378075288289659e-01 1.130837139717303138e-05 9.168033318793449734e-06 4.640955447195858551e-06 8.559628216740894675e-06 4.703720046106260750e-06 2.465354402377835686e-05 3.765949878800114631e-06 2.975990417988189121e-06 1.714677624266309878e-05 6.823162334022912357e-06 8.935510991317434062e-06 4.393833880282451868e-06 1.591322560500735392e-05 2.207937165587610490e-05 7.047803152725691245e-01
6.254851202089573231e-05 5.190983500802040896e-06 1.176169324324951783e-05 4.761482613187797786e-06 2.643803497280933171e-06 2.453606766566808488e-06 1.316363440739344581e-01 1.701048687417581402e-05 1.877570975816517958e-05 4.643555491922279899e-01 2.737347367033366591e-05 2.820262614436409621e-06 5.289654447343160125e-05 2.428421165447319291e-06 5.131056482949977640e-05 2.425013476366754086e-06 4.036989941966093176e-01 4.589975977373481061e-06 4.012200274696875598e-05
6.840959570364435822e-06 3.014267973624253816e-06 1.459038620648167062e-05 5.935948538069493854e-06 1.626970888247881596e-05 4.568565320401420094e-06 5.924311156592467945e-05 6.893353701245810246e-06 6.095129980638058278e-06 1.366268784070279463e-01 1.490382297956731637e-05 2.081832170297352330e-06 2.386543706836127948e-05 3.742835388261582796e-01 8.632303999283207801e-05 7.256517798929318258e-06 4.887993013992273927e-01 1.611596482445521735e-05 1.628332101272932756e-05
6.816619039387945554e-06 1.571219107520464106e-06 5.127964304351767671e-06 3.389800860326916895e-06 2.132809385862020974e-06 2.119265841810254193e-06 2.498884206326377469e-06 3.188019566815352905e-06 1.400779810830145466e-06 8.893003089297192422e-06 2.552911039309694798e-06 3.535925819648674830e-06 3.165749811378567384e-06 3.001197677014772782e-06 4.987846914107953980e-06 4.170035497682764679e-06 9.999326922245055371e-01 7.127796204322690715e-06 1.627947318382178964e-06
1.434114152395270345e-05 7.425777079579135998e-07 1.466568069101789906e-05 2.072955562027184451e-01 1.372651362718262092e-06 2.747645402597881078e-06 1.536502769392994714e-06 6.647274762827205184e-06 7.156313781953971393e-07 5.443582779638255083e-05 5.191281348671250166e-06 1.014349431137483004e-06 2.002996096258179703e-01 1.321099860347589480e-05 8.219574257814142809e-05 1.485385637469152927e-05 5.921481283552990638e-01 3.707081877262258018e-05 5.963835660651313013e-06
1.735168765650728627e-06 5.408649023533655570e-07 1.206441447779947412e-06 4.448678187379154007e-06 8.952557735558321290e-07 1.458206230190923359e-06 1.506694415431557015e-06 3.916688304544716774e-06 1.843667604562306457e-06 9.999556757842584798e-01 5.634466499084680988e-06 1.077769841285249622e-06 5.666666342900137232e-06 1.157436448825145192e-06 1.888856056528721646e-06 1.416999618588634999e-06 4.683434246452054549e-06 1.073931941945196160e-06 4.172989114314767405e-06
3.312877417699151374e-06 2.569616686704172899e-06 6.809392602143234574e-06 2.929966198935236920e-06 1.639054864425834238e-06 2.724999432599396314e-06 9.824766246497577326e-07 3.469515389842029322e-06 7.490577952658815847e-07 4.733054097493309964e-01 4.157291733769773767e-06 1.171776328840873372e-06 4.623311717127178927e-06 1.269763303877509696e-06 6.729648170645466156e-06 4.120811407522894595e-06 5.266314571666332878e-01 5.865290103230201297e-06 1.000823425860328537e-05
4.792455151813428510e-06 1.094728137047765433e-06 8.484675920866354776e-06 9.896645121696453278e-06 3.122139413169108717e-06 2.693600547567162996e-06 2.331840678853656982e-06 4.166773819655218595e-06 2.156222828743470049e-06 2.755251453681267226e-01 5.635459502915859806e-06 1.366167382071590367e-06 7.491029756954451005e-06 2.156744634167631158e-06 3.701754433866816306e-05 5.898123108786552977e-06 7.243682426986223222e-01 7.322177220824229039e-06 9.856056872302675156e-07
3.625687510160666139e-06 2.346497240136560394e-06 5.215269043639102773e-06 4.927667666238320340e-05 2.014835736235452076e-06 4.209234592211133537e-06 4.513831660784336369e-06 3.461177777746457271e-06 2.117360845737582311e-06 1.332110148132537077e-05 3.883338849349499715e-06 6.256903623400264239e-07 7.639486060790607973e-06 3.549168583154247140e-06 7.259814191934908227e-06 2.985050652217511014e-06 6.381140277171387654e-01 1.011326868699282206e-05 3.617598147929241281e-01
6.189437751660022960e-05 1.596021053166014304e-06 4.401946010511657414e-04 4.362298724498770430e-01 1.030204994063166307e-05 4.473455065631200034e-06 1.410967901894791044e-06 5.166918870893134408e-05 1.867727581176344765e-06 2.751879514359670820e-01 1.213130971223479571e-05 4.505732826017374527e-06 5.809493088373430397e-02 1.743558123949488726e-05 3.486865952879141385e-04 1.591920513062864727e-05 1.812162288672519673e-04 2.293259524357388335e-01 7.989752799883625322e-06
8.738160492378746252e-05 4.620635104190332076e-01 1.340604073726720578e-05 1.561104685550649134e-05 3.760684081315306923e-05 8.845618160584908731e-06 5.039074424388483334e-06 2.295551580650727089e-05 2.700451391259600968e-06 1.096025497656907533e-06 1.230758418789881380e-06 5.366150801461395905e-06 1.023543932355816869e-04 5.372795130964040933e-01 8.572012002659058088e-05 5.346480800376949347e-06 1.133442743519844808e-04 1.131932827045613652e-04 3.577880561324218821e-05
7.234406864011450244e-06 5.538295592204168060e-06 2.442961252687067170e-05 1.043363204341712203e-05 7.367410501442034147e-06 2.143404097278823369e-06 5.095336649802581940e-06 6.208931939986694166e-06 2.501814895774038456e-06 1.017703635731960988e-05 3.117645069860894140e-06 1.144690966489567969e-06 1.888511995928115556e-05 1.240235508669486217e-06 5.178923025595135159e-06 1.367375907992489281e-05 7.750080136867317782e-01 1.137513509351973844e-05 2.248562409230969450e-01
6.145665380683401928e-06 2.596383212159638094e-06 2.805033814720565300e-06 3.704920358267108703e-06 2.240357039816980944e-06 3.038733156257571086e-06 3.207597753718392576e-06 6.876761098463439760e-06 4.252799385861924591e-06 9.998639831707055725e-01 3.560488570246505099e-05 2.281467251813741152e-06 2.823911854456155818e-06 3.024435226799244502e-06 4.569513081812692067e-06 4.060404175507363120e-06 1.311511030486113024e-05 1.181021155702641548e-06 3.448782934101336193e-05
1.603928924051482561e-06 7.222634309937651858e-06 1.789383551995115477e-05 1.775170103316117687e-01 2.126075664902565276e-01 1.732298743171730882e-05 2.501042782495650899e-06 9.032510988969803562e-06 4.171400962332367562e-06 2.990075371635943537e-06 1.530591039213240975e-06 2.279092879739540678e-06 2.873205764615649997e-05 6.320407138961634741e-06 1.629342614122972338e-05 1.202310425721020543e-05 6.097210372470990292e-01 1.651147461725276135e-05 7.957361021707154975e-06
1.108729464983326029e-05 5.134903629335554740e-06 1.083852967115435929e-05 2.972720936308614488e-05 2.725921691528245784e-06 3.670512966445668578e-06 1.249869339483780012e-05 1.016257648739985191e-05 4.626010377596609457e-06 3.802430332150193437e-01 8.216292369417976202e-06 4.761473887649648752e-06 8.192997247673220962e-06 2.468660149936354464e-01 9.253272746391323308e-06 5.330509998646767350e-06 1.001748258476002490e-01 1.629717221753417531e-05 2.725736025730463030e-01
3.122271455122848632e-06 4.280292728026974827e-06 7.705047302840438569e-06 3.234726972213081867e-06 3.205254485474080954e-06 1.904343222260847825e-06 2.745234230475021441e-06 5.141994596389698204e-06 1.951462231603593321e-06 3.253474859068785641e-01 7.558682382514534382e-06 2.245854159439007233e-06 7.317604914366717697e-06 1.544791892070328125e-06 1.695099637824670278e-05 3.431586346869098280e-06 7.223606325310819308e-06 1.632246385502278293e-06 6.745713180971125711e-01
5.355178567384980561e-06 5.535544665279923541e-07 4.874059719087261914e-06 8.989744069206086682e-06 1.952879018651092084e-06 2.522220258060785386e-06 1.036387879614261848e-06 5.460643450487778886e-06 8.701508878772589817e-07 5.691402294707018725e-06 2.725274661529466178e-06 3.310587191965763595e-06 1.562559372179326704e-05 1.845779224597809970e-05 1.100619657359421387e-05 3.123472282778490481e-06 5.058783275688067960e-01 4.940068825376116579e-01 2.323475629230825406e-05
4.728189099045435962e-06 1.558888647204789717e-06 4.935663644050916702e-06 2.569527557366334589e-05 1.154798917831260909e-05 1.488612167373612905e-06 8.689650653773880250e-06 4.408392247837430999e-01 4.394131186431721088e-06 6.357497260176050211e-06 3.541498149752731767e-06 1.223943904154158792e-06 1.064641051526189620e-05 2.553000931350460352e-06 2.140613381404285052e-06 1.016801511979124587e-05 5.590063955528661310e-01 5.253500050014489076e-06 4.945678392894758323e-05
5.168181414705002086e-06 4.390843000356492959e-06 1.688399728028493841e-05 3.294071392655887180e-06 1.555958531091915816e-06 9.919511234303133133e-07 8.124699502702379202e-07 5.410344952634627692e-06 7.721471711971882085e-07 4.417189006117386872e-06 2.974910065808778477e-06 2.016527695001830724e-06 1.609919327500758371e-05 1.106510546813058716e-05 3.665391896897475794e-06 2.366740590664681364e-06 9.998982718107518597e-01 5.167674347173418875e-06 1.467549208663609529e-05
1.113076777036350587e-05 1.344711436036509658e-06 4.448870334208989671e-05 1.679157698753795734e-05 2.348782305114877764e-05 6.347928623947056521e-06 1.302489800601936845e-06 3.849047920600648101e-06 1.716712522939094537e-06 3.400692347511279870e-07 1.818307908148831010e-06 1.228586900989619823e-06 1.720612542119973887e-01 9.771573477990408516e-06 8.600607233517812422e-02 6.196827212952054591e-06 7.417792369722994161e-01 1.980588510433133021e-05 3.815469230731648126e-06
2.192982544614627312e-05 4.608755624055111767e-07 4.342430743284639019e-06 8.707396512854515534e-06 6.975313104723692714e-07 1.037886428580009567e-06 1.294793060309289526e-06 3.045270806285646684e-06 5.244104380926888792e-07 1.624073162185340436e-06 1.636667205466731753e-06 1.692032673747867518e-06 9.998872691271326607e-01 2.826426327170862270e-06 1.580216817481296194e-05 2.050727186407012728e-06 3.793211455390123831e-05 4.017726398343117722e-06 3.108516876867527110e-06
3.801804340068570869e-05 4.132505084673096478e-06 5.942611312920988777e-05 1.041360261880702302e-05 1.637738350458648856e-06 1.152862144576172255e-06 1.544592560341807346e-06 2.363987942658183470e-05 7.482855212253028138e-07 4.127052482665197047e-06 2.488712885634255768e-06 2.205725584595435324e-06 3.644803016902105064e-01 1.033609978984614780e-05 2.993230760610345530e-05 1.994776423650044921e-06 6.352975749332363531e-01 1.320841939326418955e-05 1.711666015112051238e-05
8.871613917874351756e-06 2.325492511370737060e-06 1.408897275721553037e-05 1.486750246472965620e-05 4.016002753698789790e-06 3.562096695651297751e-06 1.421813407973479762e-05 1.557525973497136005e-05 4.250592350120094874e-06 1.184714104260083356e-05 1.064065536986562852e-05 1.577118767911599717e-01 7.377942515422804270e-02 7.770011785899369434e-06 2.827490857840234457e-05 5.970487391059993174e-06 7.683459665943462857e-01 1.332736145080161779e-05 3.125227381608376613e-06
1.280534088720143440e-06 7.258704470481148142e-07 6.782283419294703457e-06 5.173920497254513760e-06 1.098786294255409879e-06 5.753805163837137339e-07 4.365545478951621055e-07 6.485971494131675894e-07 4.897910865646337666e-07 1.899012612212225966e-06 8.804154064649168530e-07 3.584579508046441066e-07 4.469517878123279711e-06 6.490931064831972917e-07 1.773149746284239744e-06 1.778610575379562383e-06 9.999675554976756864e-01 2.169229541531845031e-06 1.255297460151746556e-06
1.062445588643215277e-05 1.537433623601166160e-06 6.726541429271285312e-06 2.200353553217820985e-05 5.371376285544980353e-06 1.914771113711511064e-06 4.779115017639488976e-06 5.120147438428666258e-06 2.466197947456360664e-06 4.480922915812823786e-06 3.343494332076183442e-06 6.164028463482637888e-06 1.853346987022520728e-05 2.409500280389290552e-06 6.931426330949131964e-01 2.434854974028145329e-06 3.067473249602077900e-01 9.690651980616048021e-06 2.441447788124083720e-06
3.221969156621857444e-06 1.097208962374480210e-06 6.576119829560620887e-06 4.561259129904731276e-06 2.229255630750717435e-06 3.616311714251029157e-06 1.369606124619669996e-06 9.733227516567888700e-06 8.268890062577748987e-07 1.131151897671072612e-05 6.208806802970349577e-06 2.168848119264158714e-06 3.600944366086202279e-05 8.559945661986872713e-07 2.613342456675428614e-06 2.842557816098769947e-06 7.991782863805486636e-01 7.004375393090706437e-06 2.007194668845886654e-01
4.196037684269285374e-06 5.393771439276800390e-06 2.746245726776009026e-05 1.844706920333046921e-05 4.535927557655074071e-06 2.937832943674771670e-06 2.734416508543766547e-06 4.138363559732941527e-06 2.053089002269306505e-06 4.366716327310473666e-06 3.526816123678405195e-06 6.063718975029207362e-06 4.716017303661757212e-06 4.766324655345900064e-06 4.358217946118352240e-06 3.728939075978533506e-06 5.735766567419464668e-01 6.926157067701993032e-06 4.263129913854122321e-01
1.285881779163257382e-05 6.016469173457578844e-06 4.823048286254351088e-04 2.082321024371822121e-05 1.494029877602405545e-05 9.182900085383473822e-06 7.319911775353770978e-06 2.628765202804273445e-05 2.629414488674533641e-06 2.600025567820389720e-06 6.448634839108144334e-06 1.395430203969669545e-05 9.792588582129527111e-05 1.705972598974761801e-05 8.251461452747394805e-06 4.919389024998656782e-06 7.308718730379095696e-01 1.385438563606393813e-05 2.683807496487312094e-01
4.538635498041186834e-06 1.076336977774337781e-06 1.260080179094206544e-05 3.517875802545203256e-06 2.228555417445412371e-06 2.581381224116514931e-06 5.909975686164632771e-07 8.983675587831622155e-07 2.384669623924132467e-07 8.121080420784409015e-06 1.597203248811221729e-06 5.732240544139978174e-07 3.240089931699745894e-06 1.910224876059458292e-06 4.827742470841088963e-06 1.722980739456527433e-06 9.999425228527308862e-01 4.938092657543019414e-06 2.275090068869918938e-06
1.564363282326771131e-05 1.639821849315346207e-05 2.828642887389303356e-05 1.775625198578947741e-05 4.890932542206446214e-06 3.457270364161624459e-06 1.388860181219985711e-06 5.715394339637562816e-06 1.763642457298578797e-06 1.034203077759203705e-06 3.362309368660771752e-06 2.221748858086613181e-06 7.354521405591304479e-06 5.692642911330157984e-01 2.223695098317578776e-05 3.205229776286751407e-06 4.305662088279241795e-01 2.050418456565332068e-05 1.428025896406182927e-05
1.786300421944334262e-06 3.248744213233544026e-06 3.751527909133900995e-06 4.158967033319204010e-06 1.347202179689520139e-06 1.157383439213372773e-06 2.221878903271566471e-06 2.697750786258154274e-06 1.238422552654459306e-06 1.185229418853088884e-01 6.894586567853330743e-06 2.762982263202822660e-06 4.766184906372872674e-06 1.017351373780709730e-06 7.731121788047216396e-06 2.319709828102927284e-06 8.814211738156255693e-01 2.438843490588035948e-06 6.345341408771093386e-06
1.671195826875377977e-05 9.522038902694739956e-07 7.463572540894395553e-06 8.748543349097234921e-06 4.528348357817127592e-07 8.203365928200945181e-07 1.168198382222505972e-06 2.190010769765213156e-06 6.043088853704406693e-07 1.855633538649435589e-06 2.024029268888553117e-06 5.674952931831036858e-07 1.799470640647794724e-05 1.957007275273930591e-05 9.998888670117419553e-01 2.441278388764755749e-06 6.947965626478933438e-06 1.940319305545727148e-05 1.216646412335107132e-06
5.828288909841711782e-05 1.482222036488701874e-06 2.096146424652759149e-05 1.290195703137735823e-05 6.301630124717674447e-06 2.298013311098553940e-06 1.896781543654509830e-06 8.823723711488220517e-06 1.022824576032960566e-06 2.754186948996056444e-06 2.550909197960909978e-06 6.882473111262540551e-06 7.683234605917921289e-01 4.698514196073074606e-02 6.075495076915653908e-02 4.562826785250597060e-06 1.235070294144257758e-01 8.163013437640906421e-05 2.170652277951245698e-04
5.810024400057802225e-06 9.822668040181794123e-07 1.201898694550830279e-05 2.311037668918472802e-06 2.056746232278140349e-06 1.222033874100760884e-06 5.928634634648754960e-07 6.894037043680334948e-07 6.406965533549343892e-07 5.740731558374448135e-07 5.011702546685308671e-07 5.724233276034629438e-07 3.477991831624721211e-06 1.629953213180657797e-06 1.188299109088124806e-05 8.453483742786191138e-07 9.999487943650035016e-01 3.321306883237448695e-06 2.076317219295874773e-06
6.332686321689589201e-06 3.090365010418767168e-06 1.119414729949249190e-05 7.943184339694569211e-06 5.370070026574490731e-06 1.851244841043711013e-06 9.033587300447336193e-07 1.167524747642120439e-05 9.954504177289102461e-07 6.658703343488247151e-05 2.797202642535392726e-06 2.064948335055737752e-06 1.435713519393206851e-05 9.436419066490795774e-06 1.821058597120908565e-05 3.681485803602716976e-06 6.757185316152362724e-05 3.385163485847214604e-01 6.612495889972060947e-01
4.763351650627034506e-06 7.550671289970336498e-07 5.970890592085117119e-06 2.560611292717466532e-06 3.111394648669103555e-07 4.149369957364221839e-07 4.146364296250475046e-07 1.587700775552754234e-06 6.074956743047309928e-07 1.778834398082532846e-06 1.395308226949037091e-06 7.799357704437007289e-07 3.026907783598864306e-06 1.400965809470863890e-06 2.254603485075376424e-06 1.375592328392165374e-06 9.999676625731189761e-01 1.576910769411697492e-06 1.362538305100656964e-06
9.645137125026358906e-06 9.551523489335936997e-07 2.247052353788526842e-05 4.861016266012175815e-05 1.159813901204789508e-05 5.065546668968843402e-06 1.266781120823806250e-06 6.923980351724192512e-06 1.462392403695979698e-06 1.563522822519230471e-01 9.151434168580303564e-06 1.938920576083885351e-06 4.212476467985544541e-05 1.299562558626783689e-05 7.860299297516014638e-01 8.870018954612552764e-06 5.720244132154513744e-02 6.631095823560389580e-05 1.659571375003820082e-04
1.611868763806484057e-06 1.217713609451104686e-06 1.572221934585591259e-06 2.122100353415984114e-06 8.925250209331363341e-07 1.451330156274004038e-06 1.762255833622929447e-06 2.279331607752432836e-06 1.339383732896524982e-06 9.999605614394369013e-01 6.791683252590234941e-06 1.128666875718408136e-06 2.827567201223095526e-06 1.154262624504339143e-06 2.070033395411800944e-06 1.472834813990355239e-06 3.853590925119128248e-06 9.856938210585630881e-07 4.905496640680000135e-06
1.089616737177208183e-05 5.678166873553699544e-05 2.044216728405741701e-05 8.205466821316269679e-06 4.907706964557980722e-01 3.566151117899070703e-05 4.594195663277808207e-06 2.429994788858731436e-01 4.260091807205879527e-06 7.155040466935812311e-06 4.742898895246957895e-05 7.488435679647612270e-06 1.432001893772936365e-05 5.139976332871904410e-06 1.367452122414352382e-05 8.370491666169331833e-06 1.804956719856205261e-01 9.260859000493340003e-06 8.548047307158572472e-02
9.599780222858867284e-06 1.283724284065618972e-05 2.262892235971083321e-05 3.103510749641762434e-01 7.518608754410083051e-06 8.880384006877421453e-06 2.628104494375968999e-06 8.154314213846715947e-06 6.195207850020629370e-06 6.067159867689361145e-05 3.544183568995111236e-06 2.849883089316478380e-01 2.190750803885183778e-05 1.290253656526320458e-05 1.651445202798467894e-05 9.520720087931157594e-06 1.218260027369851423e-01 2.743394664516129682e-05 2.826036758568368223e-01
9.154550903089533792e-06 5.692361575709650948e-06 8.271645739459712452e-06 1.245187351486771115e-05 3.046706110903181828e-06 3.013189715494081805e-06 1.948894828700073598e-07 9.960647139053459615e-06 1.497914089852876899e-06 4.880136802743856250e-06 9.131050374778824238e-06 2.985654291155374594e-06 2.931011888417424660e-01 2.862702470487476346e-06 1.092576733343765308e-05 2.252415495899983318e-06 7.067897597773220575e-01 9.488135495682717405e-06 1.324174039992261487e-05
3.910831798921024072e-06 6.906008397119023693e-07 8.292036948496516488e-06 4.723346760540329470e-06 1.625946431171464186e-06 9.685145653721360086e-07 1.411182124826952645e-06 2.603074523758348728e-06 2.318964244735685858e-06 1.315040175642893106e-05 2.576202620415253430e-06 9.337696910786978514e-07 2.658336998637727573e-05 2.499050309231363645e-06 9.819448549343801557e-06 1.722298794843656545e-06 9.999077691163680282e-01 5.046814164212563589e-06 3.355029522510166045e-06
1.105084429756185546e-04 1.062502497391002105e-06 1.056386094477412499e-05 1.185984787457920248e-04 5.108210071148249684e-06 1.370531222405672471e-06 6.444440205445624586e-06 8.184343529802923250e-06 1.939317881586284621e-06 7.532159874889325715e-06 6.057013938040516276e-06 8.285310076425206964e-06 4.855561506992549514e-01 2.769774686191617667e-05 2.954384888530658948e-01 4.050974410255078016e-06 2.361844434010832388e-05 2.700900134157765845e-05 2.186373296687618706e-01
3.757743471453821058e-06 7.860031311407680873e-07 6.344106534824595199e-06 6.208291557134010033e-06 8.414319823935202587e-07 8.303207999614352020e-07 1.296018197606669566e-06 2.494299576572469903e-06 1.031775278513163597e-06 1.973401715552543311e-06 3.161408908845665459e-06 1.510984622617408382e-06 5.625508829983242959e-06 2.866490445103218125e-06 2.550917358697330541e-06 2.323862174927199219e-06 9.999440467986254744e-01 4.587528316704085474e-06 7.763108472439352256e-06
2.732880805313507070e-06 1.359830882966631767e-06 2.706502449523338604e-06 1.442325095537350098e-06 1.656292039119706033e-06 1.243344270368908147e-06 9.819097611752382152e-07 2.397606783010243028e-06 1.480298244096810383e-06 1.044888374445910449e-06 1.798258414232026598e-06 1.739364364943239512e-06 1.818114351246140231e-06 1.492196445334943088e-06 2.200145692435895074e-06 1.065864831754709788e-06 1.933433359137425568e-06 1.218791696113324996e-06 9.999696879521392523e-01
7.390639036237944003e-06 1.048735576588690544e-06 1.062196217337878637e-05 1.963677092857542947e-05 1.660766730364278018e-06 2.361419322534330784e-06 1.351212231383343482e-06 3.062740531054000979e-06 6.490665426356595057e-07 1.336868407009571391e-06 3.058864910879852965e-06 4.564016176803041517e-06 3.303617109825199457e-05 4.636659510548096265e-06 7.229306807761852977e-06 2.910602944596967873e-06 9.998692681823271311e-01 2.444924461688157972e-05 1.726770127465385823e-06
2.435163047422013468e-05 7.857266231496131907e-07 7.987330703551497908e-06 3.014993107145549166e-05 3.348723140531500780e-06 1.799870745002407041e-06 2.130185579857844736e-06 5.224723406597764408e-06 1.198565416186775807e-06 9.035448665151521231e-07 2.764116542126968976e-06 1.546634645524518100e-06 8.197083399913791812e-02 4.993475849777262507e-06 7.395100914183954099e-01 2.851656807154855269e-06 1.784133605252140320e-01 1.335704217272945319e-05 2.320899208130805362e-06
4.120678295014550259e-06 5.982191466407666203e-06 3.207901115133769525e-05 4.160356258255598489e-06 1.639816891664161208e-06 2.334488457083726880e-06 1.693790900628399355e-06 3.707153341952515120e-06 3.769127738382535090e-07 2.413770344343010728e-06 2.625296124038049995e-06 1.051193124070208054e-06 5.056121599470275939e-06 2.304989254769809102e-06 1.784890811955184517e-06 2.907906707074491058e-06 3.048595187685574359e-01 4.843850886157990535e-06 6.950613988130545096e-01
5.839800555158503558e-06 9.110889557841991837e-06 1.381039332141064946e-01 7.489255909774527415e-06 5.601808795662359564e-06 6.814359268661053714e-06 2.029180061545712807e-06 9.535208886407710877e-06 2.231070887957896505e-06 8.493584952953253131e-07 5.304240835842357299e-06 5.085467339730176339e-06 7.025093417116624608e-06 3.655546552553887163e-01 6.183735602355153242e-06 9.526768131576182844e-06 4.962359863677988647e-01 1.326226752205195847e-05 9.536657439029321720e-06
1.286726170754567359e-05 6.785496951435353901e-06 5.737833780056201982e-06 8.363430135724111514e-06 3.018702320502862229e-06 3.262136212509450650e-06 1.388134848966197870e-06 5.124361808265723516e-06 9.999205265075879598e-07 1.894835043267575209e-02 8.492486584355538734e-06 1.761947381035392266e-06 7.375431252609340944e-05 3.712549460179628120e-05 7.108310109768374296e-01 1.130351077908274463e-05 9.729140037460822367e-06 2.059564040096808986e-05 2.700103287798846785e-01
4.565056987319868081e-06 2.582396041984130710e-06 8.599123837950426380e-06 9.049603814788983452e-06 2.278695690810537817e-06 3.204247976372967380e-06 2.161537607498625551e-06 4.105201659674384210e-06 2.001066451878239919e-06 3.621586356128529027e-05 4.931237237473034635e-06 4.902793716873719101e-06 9.984359939385813464e-06 4.012676980087083099e-06 8.433070595814965917e-06 4.164033253490654521e-06 9.041590175163894960e-01 2.219010551382718817e-06 9.572757250770642934e-02
1.944451650958186207e-05 1.791202452668148164e-06 1.993152454378939179e-05 5.300030962254964913e-06 2.016466927952015137e-06 1.989687223477735591e-06 1.739269581987300013e-06 1.826128832668895730e-06 4.248308963331461839e-06 2.454980413864699210e-05 1.039777310086575411e-05 1.062759138423578114e-06 3.599303411739386283e-01 3.095534441228768083e-06 3.983961748486174761e-05 4.167539599787000846e-06 6.398602064054618177e-01 1.088126603503273787e-05 5.717099066288451977e-05
4.178912165874893451e-06 1.311724906190413435e-06 9.767367897829225542e-06 5.102863944296334855e-06 2.914424655842863605e-06 1.520527241973042990e-06 8.678864501722214499e-07 3.508663419357436827e-06 1.321872029648997563e-06 8.092930357625179724e-07 2.437126921453553599e-06 1.434662441130936283e-06 1.826711931174565014e-05 2.693368935856910183e-06 4.474260252323674058e-06 2.051272336801466572e-06 9.999296533441746071e-01 3.037031402423102786e-06 4.648278476838756893e-06
8.432815684522713712e-05 2.858063343583303218e-06 3.307332522680772970e-04 2.026573623052757545e-05 2.887659784653910410e-06 3.254787794660043365e-06 1.077663409275146717e-05 7.793222467482569554e-06 7.524359513957919194e-06 7.930864920794030251e-06 3.455110618543982709e-06 2.865121324025066328e-05 7.044703825509305295e-01 2.949727079851045541e-01 1.440165743295267009e-05 1.081481224691666662e-05 8.153324938028796553e-06 9.662483341721271265e-06 3.418124884856143203e-06
3.025834687064166603e-06 1.974978696796436653e-06 1.033502165364808929e-05 5.479745513050332027e-06 2.482640706559799226e-06 1.128556416080292752e-06 7.696572594134905492e-07 2.404084285929457350e-06 7.516059787738425376e-07 5.685797190766501313e-06 4.305087133798354276e-06 1.765812565461165442e-06 4.971827458105938261e-06 6.988921449829614878e-06 3.398093605047687648e-06 3.046093144481586145e-06 9.999367563251539970e-01 2.471917459087500108e-06 2.257999642215540657e-06
9.689240827231866265e-06 3.265647399861060036e-06 4.806889940734266454e-05 2.810241839125770806e-05 5.251755914937622498e-06 2.165114844744560898e-06 4.576211769879760750e-07 4.552611040554921421e-06 3.886787205698644168e-07 1.570232963992841252e-06 3.729163281335864564e-06 4.200578508565645669e-06 9.659287660910256037e-06 1.069475644356862099e-05 9.059721761863552108e-06 3.963490331284963919e-06 4.398433512887821584e-01 5.151857054477794375e-06 5.600066776354882814e-01
4.027584713003961523e-05 9.094889725636484958e-07 6.685982519864212289e-06 8.297117116347863281e-06 4.290616960969006280e-06 2.381326035911999600e-06 2.944292633553951691e-06 6.604362760538858055e-06 1.492069231257572299e-06 2.182343669865760838e-01 7.131627327088233901e-06 6.394271435062548890e-06 5.931609193129641660e-05 2.735700674619899397e-06 5.141072597546538780e-01 4.736200074861079000e-06 2.674777145304247927e-01 1.976653163847223884e-05 6.697201902810021346e-06
6.602472280669578830e-06 2.736929291337806540e-06 2.361013155657070372e-05 4.772514777034624346e-06 2.624075622619990719e-06 1.119082977812030567e-06 7.012807090051661281e-07 1.756207790225001707e-06 1.091331246394227013e-06 2.701825276247917978e-06 2.215113015997906951e-06 1.111410853480512415e-06 7.103392377001011591e-06 2.197680916415354845e-06 6.061075788193793650e-06 3.901917884006862597e-06 7.907655264429710451e-01 6.728880046123426148e-06 2.091574382346197969e-01
2.254552101098864600e-06 9.976557371662306880e-07 1.792066877203613783e-06 1.582354294797301621e-06 1.751092128961061034e-06 1.010701804255437076e-06 3.091820368383918073e-06 2.492021285245560409e-06 9.198373964027741062e-07 9.999688813443754487e-01 4.791661709219291026e-06 1.404162883994964470e-06 1.607145391752736208e-06 4.884450128091056387e-07 1.496968347659406550e-06 8.969477985383090266e-07 2.119262950314301574e-06 9.241752712043174287e-07 1.497784265590297124e-06
3.075565885268210924e-06 1.565285983034568416e-06 8.178533493532013743e-06 4.097912632303902138e-06 1.053661680101550230e-06 1.291560345126997860e-06 9.796923509803672700e-07 5.486572682682317989e-06 6.877743405892377195e-07 7.224302735679255929e-06 2.884240604096440384e-06 1.063783757650017038e-06 4.015810110479450493e-06 1.202669203571604649e-06 7.874600258546672358e-06 1.211800302894932259e-06 9.999405775334360147e-01 2.834687782668309930e-06 4.694012414681137103e-06
3.391327540989933749e-06 4.847703439798691995e-07 8.413774126086823602e-06 3.537517848002822695e-06 8.277125465482322440e-07 6.803065034183841443e-07 5.904608272402576035e-07 4.674802011144244100e-06 7.155553756893479053e-07 4.202184867423912493e-06 3.175244781422382113e-06 1.088779347972695155e-06 5.324151239124477031e-06 1.264147132138912148e-05 3.146518210288814154e-06 1.403746250515689602e-06 9.999407972479302797e-01 3.251886172396609170e-06 1.652542756130124740e-06
7.584742331240425134e-06 1.927885695309513980e-06 1.229435194113706393e-05 2.956813726046939594e-01 3.239680280263735268e-06 2.905699234116890924e-06 2.165214315102101331e-06 4.322800453683364356e-06 8.483579544678919448e-07 3.268146689920056457e-07 3.270468737433984378e-06 1.624035855329673033e-06 1.745106263847030051e-05 1.908587109455151809e-01 1.364348994654372195e-05 5.352952073122782860e-06 5.133254467712333735e-01 5.545113941658798984e-05 2.060983015882541575e-06
1.908903820222098834e-05 5.643916919237850432e-05 2.670534199593904007e-02 2.656494011361124064e-01 2.767941854158372239e-01 1.303817943421049075e-05 3.710552695763942111e-05 1.735115334614314005e-05 2.145279407205765449e-05 2.278073716676060415e-02 7.702204209339339236e-06 5.254544130099362087e-06 2.174251285898175993e-05 9.998497796578585933e-04 1.079172463662088569e-05 2.105161814514892388e-05 3.716575419483085785e-01 6.479647947529066927e-05 3.511712761272423045e-02
3.451347105894786102e-06 5.687938536504822346e-07 4.114253975025934618e-06 9.148264069830612511e-06 1.118773550449383131e-06 1.652739275418649983e-06 8.101234807645527187e-07 4.392505369370316213e-06 9.798656661320896004e-07 1.577220584921887603e-01 6.614987531373063764e-06 3.173596730454936511e-06 4.114253675231532567e-06 6.815115334123696579e-06 2.582385561809753832e-06 2.322077997741175308e-06 8.422136810458079603e-01 9.696916063052979156e-06 2.704462763154840405e-06
3.417866122371592143e-06 1.401840502890035402e-05 8.264439300019696760e-06 1.177620731681635158e-05 2.381560160864678864e-06 4.736964721814892236e-06 3.275675997444111125e-06 5.217521497458396411e-06 3.198158266501483476e-06 9.444386350465916807e-06 5.492780646823462186e-06 1.826530788423839368e-05 4.276929612579352674e-06 1.732232415007821320e-05 1.849858993815349543e-06 4.628914639317172449e-06 3.248015954398024707e-01 4.791746104088811152e-06 6.750760455134039439e-01
1.696182955225889860e-05 1.391171379324546559e-06 9.472338026753530259e-06 1.617339373739914613e-05 1.164258056524269679e-05 8.601766942700590375e-06 2.770554566952618075e-06 5.617623700349583422e-06 4.555576194616790643e-06 2.875390553194903664e-01 1.536025273468015389e-05 5.945501279127135578e-06 3.917292841210331001e-05 6.195847735450780158e-01 9.268266200493781304e-02 1.029628374662905337e-05 2.580197159366798989e-05 1.448655496427919734e-05 5.258803097604023494e-06
1.577207633234530850e-05 5.922299261200156213e-06 7.354431552814617364e-06 2.858590565750044555e-05 5.240133211576003904e-06 3.158305732258608415e-06 1.245187720721485389e-06 3.612447365522066324e-06 1.393730331986388406e-06 3.458468564984825624e-06 3.668899496043024624e-06 2.019315268369450904e-05 1.394655647016417815e-05 9.171043719446589360e-02 6.114915275806853230e-06 3.856119901816272417e-06 9.081343304771738456e-01 2.735598753230985099e-05 4.353711269321308010e-06
5.892285200923003328e-06 6.884672536039541855e-06 6.660872642058797331e-06 1.669993333767404097e-05 2.272128102691188352e-05 3.609036035635158713e-06 1.858548454652111058e-05 1.037720965394295319e-05 4.840195220993869360e-06 4.145641632913547592e-01 3.453794209014209498e-05 6.354787453096142297e-06 5.388318756558242500e-04 7.657192384603827385e-06 1.294948372738241866e-05 2.078656815049203301e-05 5.846918396289322306e-01 1.329941739424566272e-05 1.330884265645887089e-05
3.251680549983766290e-06 5.887478884299694250e-07 3.022542769325748011e-06 4.643252781664327729e-06 1.284377911531405346e-06 6.561988018463276381e-07 9.249378694622248949e-07 1.793178990700026630e-06 9.138732340482557271e-07 1.991512912048278071e-05 1.958578154049268869e-06 1.661698659985196954e-06 5.845647544783386973e-06 1.662578595910811498e-06 3.804111259149010462e-06 1.138289557280338145e-06 9.999428670540979613e-01 1.767366400708505890e-06 2.300755812675806367e-06
5.277931666468981174e-06 8.193442895500916272e-06 8.536592899054241772e-06 1.230747420099185093e-05 4.294172712146800408e-01 1.740869771243426536e-05 2.258456882284713418e-01 3.459818314009129113e-05 2.372793034303726005e-05 4.129402664984744557e-06 4.804992221591969514e-06 5.435798533734905461e-06 4.686582333448713501e-06 4.431318457195052807e-06 3.650164864685833503e-06 5.339163612342972309e-06 3.445814918496645229e-01 4.655813873868960293e-06 8.365217764778062900e-06
6.275715354401172920e-06 1.726275886595850914e-06 1.021863016932594118e-05 2.828340597432113304e-05 3.334243174805865349e-06 3.353314012059358954e-06 2.049699387748816979e-06 1.285849698247687284e-05 1.599583010778221573e-06 9.503179123470437140e-02 9.177716103323864630e-06 7.393416079314642885e-06 2.117472793297676874e-05 1.765277154929288093e-06 1.773678914800790385e-05 4.445882476801922969e-06 4.259206636849391936e-01 5.736731909558344725e-06 4.789104151755990135e-01
1.096586730518285429e-06 6.492325897288581055e-07 3.247965164810751052e-06 2.271554981365596412e-06 6.385372908892139857e-07 3.238157618197596238e-07 6.881198799460344044e-07 6.727100904245033750e-07 5.437549154700646633e-07 2.347714667902156090e-06 4.261789436577633814e-07 4.618066898673093120e-07 1.868616992402394020e-06 1.134076787821996181e-06 2.756984572094892648e-06 8.189145443804117459e-07 9.999764386255526327e-01 8.873641990620634918e-07 2.727439645322885630e-06
5.184918694077031244e-06 2.718422310620981798e-06 4.881997310056419015e-01 8.710002519707964503e-06 2.606326725259695005e-06 2.619832004820793075e-06 1.223639273791303977e-06 3.655526644253655947e-06 4.875656709458023694e-07 2.005685805335315977e-06 1.641561526022806223e-06 5.317211995453430384e-06 7.300726218679662056e-05 5.116353488195947152e-01 5.746668523815630712e-06 3.347144177066868756e-06 2.840501435019084214e-05 1.264395600201263926e-05 5.599436353039787854e-06
1.941654186791578056e-05 9.290932679561038961e-06 4.848813966561301741e-06 1.000900725323567164e-01 1.144042731562161658e-01 2.481662587189490646e-05 1.029690383805136851e-05 9.089954958887457091e-05 4.467544862336346092e-06 1.394105036847284490e-06 5.369803654618474389e-06 2.198477386046672661e-05 5.901337263533951161e-01 3.019822344099437972e-05 8.228953754958615377e-05 1.241825499790118068e-05 1.822939300826398158e-05 2.037291122440191063e-05 1.950156340425837354e-01
4.704850099099314594e-06 9.246432385136911179e-07 3.436596850505912514e-06 1.287750530553200618e-05 1.522650305057741059e-06 7.717865942362085151e-07 1.626259762333701059e-06 4.127195767957924438e-06 1.947889271700193602e-06 3.077376253433397046e-01 9.068200420597981643e-06 3.315596435873143534e-06 6.921884469877389590e-01 2.485838855168937763e-06 1.020774179505241165e-05 2.477997878455570701e-06 4.513977110498276108e-06 6.691502156475492953e-06 3.227437074288746994e-06
7.228847663399891806e-06 8.667421584866577347e-07 6.890780916540283321e-06 3.230632626921047124e-06 1.408283623952877253e-06 9.446997299424719662e-07 4.953022978278544429e-07 1.407213085860892504e-06 4.069679190372930267e-07 8.355779315568533106e-07 1.402860002486789316e-06 2.537858711231631454e-06 3.336663609629622655e-06 3.386136068212545173e-06 3.551644956130777688e-06 1.030027966339728715e-06 9.999558454629084991e-01 3.152829946656071181e-06 2.041467877172146427e-06
3.347588322139702125e-06 7.408194311095200230e-07 4.820594625770735969e-06 1.731351826342759302e-06 1.797481057360504576e-06 2.809722205287728987e-06 1.886992846307278128e-06 3.834224884122077479e-06 2.094396963823282893e-06 6.940576160850458569e-07 4.510218076435299084e-06 9.062788333882389161e-07 1.088032906919926887e-05 3.809857913594969756e-06 8.520552284176472030e-06 3.773031273987824186e-06 7.934080697969747575e-01 4.537227498798406435e-06 2.065312354782971871e-01
3.450082501289754213e-05 1.695249338234260220e-06 6.717260040065102884e-06 2.843387115267782049e-05 1.846847669276386069e-06 5.466057630439372821e-06 9.548332927099029832e-07 4.822196991525444142e-06 1.243500777776272871e-06 2.246568589836650966e-06 2.899341053336181529e-06 1.351633668144789752e-06 8.509312482894211159e-06 4.451224581221388113e-06 1.235013837302482727e-05 3.952116619972637841e-06 7.106746779089708754e-01 1.024387848461792723e-05 2.891936372352705287e-01
7.060592469176421186e-06 1.558457631647725595e-06 1.122286112224602490e-05 1.046277074536335096e-05 4.963374619560142181e-06 4.416561751107508859e-06 2.526294309572377285e-06 7.323987131845121724e-06 1.885734578976038046e-06 2.674338966485386715e-01 6.154734280361605529e-06 5.514354328241365862e-06 6.132143722518449414e-01 1.091364124688783443e-05 4.164065600951487246e-05 6.256194484288484413e-06 1.192075066350430368e-01 1.817184329596362391e-05 4.152406568567454842e-06
2.010204309782340913e-06 4.256000915790177162e-06 7.549215276510912070e-06 2.690074089991730113e-05 2.627976330990754089e-06 2.223149408256304992e-06 3.572797133970247452e-01 6.613299854888286376e-06 2.982682316931407315e-05 2.086510836137084847e-05 3.773768491880926893e-06 3.178755166033593067e-06 1.004818735205509829e-05 6.123625409110607539e-06 3.749812979915914347e-06 3.323938253510476912e-06 6.425770753250273915e-01 7.605432534782576834e-06 2.535239233854413363e-06
5.713943079983923355e-06 4.477673282267757901e-06 1.890786533029747889e-05 2.325429804295701483e-05 3.753412576181247917e-06 4.806095699719640242e-06 1.339708379250809916e-05 8.354035457406059289e-06 1.144659614999646579e-05 5.562536027197271249e-01 1.512698319680339258e-04 4.101733855495899394e-06 4.764999889762190941e-05 2.769283544820102893e-05 2.728759421028502663e-01 6.077024686291727023e-06 1.704942760238234434e-01 4.216427462563125493e-05 3.112450706523268547e-06
2.910198245075335774e-05 4.526586292190592398e-06 9.703668342831163452e-06 4.122829793824927288e-05 3.932501724087351740e-05 3.517907715752974547e-06 3.617064922397819696e-06 2.377641991830286547e-05 2.683807434977673067e-06 2.299399725070765399e-01 1.225513258338975450e-05 1.913754611255903045e-06 3.313685314691087735e-01 7.209642603486840693e-06 1.623333865479841315e-05 4.675087419214777622e-06 4.005219468220524992e-01 1.149668176719198341e-05 3.795828481186643705e-02
2.163300338652244444e-05 2.433511867297229736e-01 1.705771651989193804e-05 3.656215831286848313e-06 2.950117953236292270e-06 5.358469686562545038e-06 4.129021988553755746e-06 3.587411417135328726e-06 2.169498624201415782e-06 8.688934984216555618e-06 1.212206449394345304e-06 3.145361388331495345e-06 5.506379745227079394e-06 3.472918248725157131e-06 6.262145980518595151e-06 2.869144097989993858e-06 7.565444444297233506e-01 5.880249201268538359e-06 6.790045050529342170e-06
